2015,5,22,2,1 	1 1 5955516.88333 686829.0 4095722.96 3097 403867 4897651.22 152496.8 203343.5 625264.73 0.0 121999.500001 6084946.53997 247868 157283 1362 451 0 0 406964 0 0 84143.22 406964
2015,5,26,2,1 	1 1 5317298.06667 620148.0 993322.25 2833 372415 4452316.08 138886.5 187468.82 590447.36 0.0 112495.800001 5568002.60998 230541 143199 1032 475 1 0 375248 0 0 86329.64 375248
2015,11,7,2,1 	1 1 6741975.55 754527.0 1094189.6 2994 431301 5009230.2 89658.0 217001.0 632035.27 0.0 130199.100001 6130120.98997 270093 162243 1464 495 0 0 434295 0 0 51998.22 434295
2015,11,3,2,1 	1 1 5512210.71667 580680.0 917612.31 3080 351921 4288929.54 55004.0 177354.65 591406.36 0.0 106431.300001 5300291.79998 229907 123630 1117 347 0 0 355001 0 0 81166.75 355001
2015,3,6,2,1 	1 1 7022280.45 725609.0 9456787.65 3666 430331 5381949.73 163457.12 216870.32 726914.19 0.0 130180.200001 6709849.94997 278101 154108 1351 437 0 0 433997 0 0 90535.28 433997
2015,6,23,2,1 	1 1 5726418.6 653907.0 997702.19 3899 392643 4670117.41 145507.8 198136.0 638404.7 0.0 118874.700001 5844567.35998 252504 142589 1061 388 0 0 396542 0 0 73464.53 396542
2015,3,2,2,1 	1 1 5085288.31667 612546.0 10241853.75 2744 373544 4383395.67 143436.32 188075.98 605017.82 0.0 112867.800001 5522924.00998 239620 135189 1148 331 0 0 376288 0 0 89997.82 376288
2015,6,27,2,1 	1 1 6250782.06667 764730.0 1121539.53 2884 432818 5223068.92 96546.0 217682.5 619890.48 0.0 130613.100001 6341424.97997 260882 172857 1468 495 0 0 435702 0 0 53571.15 435702
2015,11,16,2,1 	1 1 5042291.26667 543421.0 929472.65 2360 333643 4044436.55 126870.6 167879.0 577626.75 0.0 100725.900001 5109483.67998 219913 114720 1015 355 0 0 336003 0 0 91947.58 336003
2015,11,12,2,1 	1 1 6597133.98333 645091.0 7733965.04 2882 392842 4917024.6 148428.75 197710.5 706505.48 0.0 118760.220001 6180842.93998 265852 128202 1258 412 0 0 395724 0 0 92413.19 395724
2015,1,26,2,1 	1 1 3069717.65 366201.0 518322.3 1468 223058 2434988.1 41524.06 112159.5 316296.71 0.0 67331.7000003 3005708.65 135216 88409 683 218 0 0 224526 0 0 33432.08 224526
2015,1,22,2,1 	1 1 5859224.15 724510.0 9572147.65 5103 437762 4981937.67 169390.38 221287.5 705415.96 0.0 132792.300001 6290354.93997 289497 151857 1138 373 0 0 442865 0 0 79529.97 442865
2015,2,27,2,1 	1 1 7169129.23333 792401.0 1718867.96 4003 472468 5608945.9 181738.1 238041.0 758756.36 0.0 142917.6 7012394.27997 306434 168084 1520 433 0 0 476471 0 0 81994.46 476471
2015,2,23,2,1 	1 1 5527293.51667 692291.0 2725683.64 3101 417923 4774283.23 162048.91 210365.5 664581.34 0.0 126289.500001 6019034.76997 270071 149418 1181 354 0 0 421024 0 0 81505.62 421024
2015,6,30,2,1 	1 1 5297808.0 603985.0 933093.56 2868 362043 4326609.06 134247.5 182353.5 580821.47 0.0 109413.000001 5400393.01998 230556 132978 1056 321 0 0 364911 0 0 66861.55 364911
2015,3,28,2,1 	1 1 6587183.71667 868459.0 2959434.53 3184 497537 5741469.74 108676.0 250168.5 700767.38 0.0 150201.9 7009688.42996 305552 193211 1441 517 0 0 500721 0 0 58420.39 500721
2015,2,7,2,1 	1 1 6576661.38333 824671.0 1172353.9 3371 474526 5226455.85 100042.86 238748.5 665955.29 0.0 143335.8 6414925.09997 299426 176631 1373 467 0 0 477897 0 0 40366.23 477897
2015,2,3,2,1 	1 1 6118914.3 674403.0 15358931.77 11007 400257 4893247.62 151641.81 205483.5 685080.52 0.0 123322.500001 6141280.01997 268217 141335 1290 422 0 0 411264 0 0 82513.11 411264
2015,12,6,2,1 	1 1 5619170.36667 661120.0 1074209.83 1872 384293 4506345.71 77828.7 192920.5 597799.91 0.0 115767.300001 5572012.07998 243524 140737 1389 515 0 0 386165 0 0 81351.56 386165
2015,12,2,2,1 	1 1 6063529.43333 600886.0 959505.76 2384 367363 4567055.96 132511.5 184694.0 663950.75 0.0 110826.600001 5746422.88998 248385 119794 1142 426 0 0 369747 0 0 87384.08 369747
2015,12,17,2,1 	1 1 6945106.75 669337.0 1063176.23 2769 404874 5121688.16 145653.0 203639.75 745830.06 0.0 122195.400001 6427969.24997 277424 128337 1419 463 0 0 407643 0 0 88970.02 407643
2015,10,26,2,1 	1 1 5163209.76667 566683.0 925589.05 2313 342956 4116874.16 130673.5 172510.0 562211.14 0.0 103511.400001 5172834.97998 217318 126530 1062 359 0 0 345269 0 0 87061.92 345269
2015,12,13,2,1 	1 1 5744546.3 629025.0 1032267.58 2208 363071 4479200.5 74930.14 182512.61 582484.46 0.0 109493.700001 5506822.44998 229963 133420 1370 526 0 0 365279 0 0 78201.54 365279
2015,10,22,2,1 	1 1 6599163.7 654399.0 2427229.1 3158 395714 4982831.82 150773.0 199284.3 697682.58 0.0 119567.960001 6243304.47997 261130 135977 1289 476 0 0 398872 0 0 93171.96 398872
2015,6,3,2,1 	1 1 6405852.45 684093.0 1077357.2 3041 412167 5096077.05 152435.2 207470.5 701808.22 0.0 124474.800001 6369672.62997 268457 144998 1251 501 1 0 415208 0 0 87330.59 415208
2015,6,7,2,1 	1 1 5420693.25 674194.0 9750151.18 2701 386186 4711976.08 83602.39 194312.04 584103.44 0.0 116575.500001 5766364.21997 234354 152668 1386 479 0 0 388887 0 0 75742.7 388887
2015,8,18,2,1 	1 1 2642109.83333 307583.0 477118.35 1440 184005 2198011.72 17155.5 92624.5 281479.49 0.0 55578.3000002 2682574.77 113945 70675 636 189 0 0 185445 0 0 37623.14 185445
2015,7,6,2,1 	1 1 3882236.36667 508208.0 8838818.26 2297 302131 3515739.8 114700.25 152072.35 453414.5 0.0 91263.3000005 4400604.71998 182901 120264 940 323 0 0 304428 0 0 73377.37 304428
2015,9,19,2,1 	1 1 6667380.21667 750562.0 9129293.63 3093 429114 5083326.6 90082.0 215897.4 625628.87 0.0 129552.000001 6195828.55997 263316 166862 1492 537 0 0 432207 0 0 51293.46 432207
2015,9,15,2,1 	1 1 5564274.33333 608805.0 1688660.54 2965 364374 4401217.75 138259.5 183502.0 611069.52 0.0 110116.500001 5523395.12998 236739 129145 984 471 0 0 367339 0 0 79185.37 367339
2015,9,11,2,1 	1 1 6802899.23333 665303.0 1384730.09 3263 396523 5063856.82 149184.3 199688.0 675553.65 0.0 119818.800001 6296174.46997 256033 141807 1416 530 0 0 399786 0 0 87903.18 399786
2015,10,19,2,1 	1 1 5174709.05 581626.0 943041.46 3031 351428 4174716.03 133796.03 177076.0 575071.84 0.0 106249.500001 5254087.02998 224632 128305 1115 407 0 0 354459 0 0 87179.15 354459
2015,8,29,2,1 	1 1 4712007.2 608220.0 933036.63 2227 346857 4014198.3 76138.3 174405.0 470616.45 0.0 104648.400001 4883810.60998 202779 144628 1165 512 0 0 349084 0 0 43709.28 349084
2015,1,8,2,1 	1 1 5808070.66667 731140.0 1056996.08 4683 437481 4798628.25 166341.75 220885.0 641109.2 0.0 132190.200001 6026114.42997 279623 160992 1180 369 0 0 442164 0 0 66992.4 442164
2015,6,16,2,1 	1 1 5692486.56667 641732.0 1015670.38 2530 387421 4688818.66 143479.5 194852.0 652286.92 0.0 116899.500001 5880861.94997 252700 135819 1059 373 0 0 389951 0 0 84460.69 389951
2015,1,4,2,1 	1 1 3748771.86667 544857.0 7127127.05 2981 314133 3550096.67 62157.2 158426.0 414970.09 0.0 48510.0000001 4339854.53998 179155 136713 937 309 0 0 317114 0 0 59543.14 317114
2015,8,21,2,1 	1 1 4757804.1 560674.0 10659986.22 2122 329905 3948868.58 126262.0 165835.19 507691.88 0.0 99519.0000006 4921829.63998 203944 126600 1049 434 0 0 332027 0 0 73612.96 332027
2015,10,15,2,1 	1 1 6761488.73333 649038.0 1049641.85 4349 391308 4982242.89 147294.75 197669.5 697799.58 0.0 118594.080001 6235959.23998 260351 133660 1219 427 0 0 395657 0 0 92359.24 395657
2015,8,25,2,1 	1 1 4612171.78333 561694.0 2551764.37 2097 335580 3935107.08 127460.16 168676.84 525667.63 0.0 101220.120001 4924539.92998 211630 124683 963 401 0 0 337677 0 0 66356.24 337677
2015,11,27,2,1 	1 1 3664851.53333 471494.0 2315404.48 1324 267575 2867708.1 113143.5 134348.5 316839.24 0.0 80614.8000004 3546204.19999 140279 127339 937 344 0 0 268899 0 0 33550.06 268899
2015,11,23,2,1 	1 1 5301065.25 585231.0 880121.83 2332 355085 4074364.3 134004.5 178578.27 552969.37 0.0 107153.100001 5111880.67998 229020 126826 1145 426 0 0 357417 0 0 64811.94 357417
2015,4,21,2,1 	1 1 6016364.11667 683740.0 2893535.38 3460 412274 5000312.3 153332.5 207731.22 693007.14 0.0 124642.200001 6274307.24997 267528 146617 1168 421 0 0 415734 0 0 95231.87 415734
2015,2,16,2,1 	1 1 4541744.06667 676626.0 1091052.6 3932 396524 4288632.78 66587.89 200061.0 556546.81 0.0 120121.200001 5310444.99998 241399 157336 1272 449 0 0 400456 0 0 78319.12 400456
2015,2,12,2,1 	1 1 6610397.98333 743942.0 7021776.44 3555 449279 5382145.3 168511.3 226236.0 761725.02 0.0 135825.600001 6760940.41997 300919 150150 1300 465 0 0 452834 0 0 86525.58 452834
2015,5,8,2,1 	1 1 6791213.43333 726877.0 1154234.45 4124 432831 5359308.0 165849.5 218343.0 710540.37 0.0 130996.500001 6676485.72997 275814 159218 1403 520 0 0 436955 0 0 91389.18 436955
2015,12,31,2,1 	1 1 4416048.4 577954.0 865754.5 3349 329039 3624681.84 138337.61 166034.0 433915.0 0.0 99629.4000006 4507439.29998 184370 146293 1264 461 0 0 332388 0 0 44847.79 332388
2015,5,4,2,1 	1 1 5362734.08333 622000.0 1016861.06 6280 371589 4531945.67 140172.9 188827.0 603321.34 0.0 113287.200001 5671498.19998 231173 145038 1210 448 0 0 377869 0 0 93861.48 377869
2015,9,4,2,1 	1 1 5007081.83333 591460.0 954387.32 2418 348383 4164253.87 134084.3 175246.4 520482.36 0.0 105153.600001 5180112.04998 210555 138563 1217 466 0 0 350801 0 0 80821.26 350801
2015,11,30,2,1 	1 1 4944591.08333 543569.0 4245193.22 2259 332044 3993852.22 123508.0 167008.5 559803.34 0.0 100213.800001 5036813.81998 214698 118145 1064 395 1 0 334303 0 0 92428.26 334303
2015,6,12,2,1 	1 1 6534152.16667 725163.0 18455717.8 3293 428128 5241133.51 165752.0 215527.75 689497.5 0.0 129300.600001 6525202.79997 270318 159211 1328 564 0 0 431421 0 0 83927.43 431421
2015,5,19,2,1 	1 1 6404133.18333 693363.0 12947405.18 3274 417351 5190253.0 153986.0 210170.5 708208.63 0.0 126111.300001 6488434.74997 268660 150346 1169 450 0 0 420625 0 0 99593.46 420625
2015,4,10,2,1 	1 1 6356155.21667 768043.0 12075414.82 7340 450192 5305558.95 175642.3 228540.0 697356.97 0.0 137185.200001 6626381.30997 286130 169604 1320 478 0 0 457532 0 0 82044.03 457532
2015,3,31,2,1 	1 1 6178018.78333 691272.0 7980907.66 3384 417216 4964149.19 153982.8 210100.0 675147.04 0.0 126161.400001 6206933.35997 268652 150428 1132 388 0 0 420600 0 0 77379.95 420600
2015,4,14,2,1 	1 1 5580116.81667 656078.0 1042447.14 6497 395252 4683744.54 149222.45 200723.35 646672.95 0.0 120464.700001 5877950.12997 258463 141771 1125 390 0 0 401749 0 0 77093.59 401749
2015,5,11,2,1 	1 1 5436296.5 633890.0 1030031.17 2890 380172 4594165.0 140963.2 191415.5 621667.41 0.0 114844.200001 5757539.31998 239731 141788 1095 448 0 0 383062 0 0 94434.44 383062
2015,4,18,2,1 	1 1 7147779.6 851925.0 17278579.97 3558 487458 5844795.8 103616.97 245392.35 721709.92 0.0 147240.0 7119240.92996 299302 189604 1504 606 0 0 491016 0 0 56393.32 491016
2015,5,15,2,1 	1 1 7087768.7 745020.0 1234397.65 5821 438304 5624827.49 172285.3 221933.15 743719.26 0.0 133135.200001 6999771.24997 279914 162261 1429 521 0 0 444125 0 0 103700.86 444125
2015,12,28,2,1 	1 1 4355796.78333 506185.0 898509.38 1689 290223 3372465.87 117395.42 145817.5 384653.08 0.0 87496.8000005 4160099.65999 154009 136372 1058 473 0 0 291912 0 0 52272.59 291912
2015,12,24,2,1 	1 1 3813801.81667 496869.0 735385.48 1426 288080 3123644.9 107080.84 144645.46 358619.3 0.0 86779.2000005 3866052.77999 155048 132982 1089 387 0 0 289506 0 0 45283.08 289506
2015,4,25,2,1 	1 1 13694220.5833 829838.0 1404671.09 3303 476254 5589254.91 102552.5 239613.5 690161.15 0.0 143765.7 6823167.61996 289135 188292 1561 569 0 0 479557 0 0 57754.07 479557
2015,12,20,2,1 	1 1 5455566.23333 650628.0 997730.1 1989 373010 4245188.5 77614.84 187373.46 541449.65 0.0 112402.200001 5224575.94998 230927 142103 1435 534 0 0 374999 0 0 60547.3 374999
2015,10,11,2,1 	1 1 5587401.1 634324.0 1055287.49 3496 361854 4470147.5 78159.59 182482.5 551382.57 0.0 109513.200001 5470362.58998 219749 143758 1349 494 0 0 365350 0 0 78678.03 365350
2015,7,31,2,1 	1 1 6024052.36667 654720.0 11549861.18 9232 376157 4806315.0 147814.9 192589.32 621030.29 0.0 115513.800001 5968891.69997 239950 143592 1329 518 0 0 385389 0 0 85560.58 385389
2015,9,22,2,1 	1 1 5185746.56667 587500.0 908094.89 3032 355393 4128147.35 133994.63 179047.0 571349.64 0.0 107440.960001 5187441.16998 230081 126898 988 458 0 0 358425 0 0 67446.3 358425
2015,1,15,2,1 	1 1 5904389.58333 723409.0 1107948.71 4328 436536 5003967.8 164262.54 220283.5 689791.6 0.0 132009.900001 6290573.59997 286295 153022 1222 325 0 0 440864 0 0 80264.38 440864
2015,3,24,2,1 	1 1 5467611.03333 657563.0 1024738.12 3146 399405 4642242.75 148760.5 201102.0 648872.23 0.0 120740.400001 5841108.73997 260278 140816 1056 401 0 0 402551 0 0 79406.62 402551
2015,1,11,2,1 	1 1 5070981.23333 700557.0 29146947.59 3325 405348 4463260.92 81655.3 204194.0 567306.73 0.0 122297.700001 5504973.25997 254259 152910 1155 349 0 0 408673 0 0 66284.62 408673
2015,3,20,2,1 	1 1 6201672.21667 746065.0 1559325.91 3476 443949 5064663.55 170474.9 223610.2 683016.04 0.0 134208.900001 6352479.02997 282024 163725 1271 405 0 0 447425 0 0 76534.66 447425
2015,1,19,2,1 	1 1 3780572.83333 557448.0 886620.0 2107 329945 3604809.01 55364.9 165891.5 468065.26 0.0 99478.5000006 4466161.65998 205362 125472 921 296 1 0 332052 0 0 72574.51 332052
2015,4,29,2,1 	1 1 6322034.71667 685721.0 10144975.15 3099 413510 5084508.7 153501.21 208165.4 704336.41 0.0 124883.700001 6361234.85997 269430 145584 1162 433 0 0 416609 0 0 85777.54 416609
2015,4,1,2,1 	1 1 6274914.98333 710432.0 1417652.69 3550 426538 5085951.67 157734.8 214877.77 694378.42 0.0 129005.400001 6361110.07997 275353 153111 1234 390 0 0 430088 0 0 79154.09 430088
2015,7,28,2,1 	1 1 5322352.55 629771.0 959181.19 2373 372506 4412510.41 139102.25 187278.5 596582.16 0.0 112362.600001 5520265.69998 236983 136515 1030 351 0 0 374879 0 0 72364.88 374879
2015,4,5,2,1 	1 1 9479025.61667 640893.0 1101511.16 2775 363827 4204571.84 74352.0 183111.5 497580.11 0.0 109949.700001 5136326.05998 209390 155628 1164 420 0 0 366602 0 0 66731.69 366602
2015,4,9,2,1 	1 1 6290734.93333 748331.0 1143562.31 4694 445284 5243928.5 167737.81 224831.5 715436.18 0.0 134933.700001 6573081.99997 287297 160898 1330 453 0 0 449978 0 0 86205.53 449978
2015,7,20,2,1 	1 1 5409269.68333 611122.0 962213.86 2626 360128 4260070.2 136186.5 181243.5 561987.55 0.0 108749.400001 5329143.23998 222010 139241 1126 377 0 0 362754 0 0 80856.12 362754
2015,7,24,2,1 	1 1 5707580.33333 661205.0 1189384.71 2653 389818 4706581.8 152226.8 196043.1 613746.76 0.0 117621.300001 5861362.92997 245560 145187 1263 461 0 0 392471 0 0 75067.97 392471
2015,8,5,2,1 	1 1 5510662.03333 638292.0 998684.82 3738 378018 4556055.0 142768.65 190745.0 621436.02 0.0 114444.600001 5702873.29998 243484 136682 1171 419 0 0 381756 0 0 77325.31 381756
2015,10,8,2,1 	1 1 6574990.16667 651886.0 1054291.7 3662 392001 4955581.14 148339.7 197613.5 689413.72 0.0 118594.800001 6203034.74997 257112 136781 1280 490 0 0 395663 0 0 93499.03 395663
2015,3,13,2,1 	1 1 6690500.4 776694.0 4524365.29 5149 460000 5452459.54 179228.68 232391.52 732849.1 0.0 139523.400001 6823486.06997 294769 168485 1392 503 0 0 465149 0 0 87048.06 465149
2015,7,2,2,1 	1 1 5830895.9 594509.0 926399.62 2750 353279 4420359.84 133465.0 177860.5 548534.17 0.0 106728.000001 5458090.65998 220401 134154 1092 382 0 0 356029 0 0 71080.09 356029
2015,10,4,2,1 	1 1 5038784.26667 607115.0 994572.57 2988 350139 4128051.77 71203.78 176449.52 531987.4 0.0 105844.200001 5086105.13998 220850 130570 1297 410 0 0 353127 0 0 72569.27 353127
2015,3,17,2,1 	1 1 5562509.21667 669891.0 1032686.4 3251 401334 4665425.56 162909.5 202138.62 630445.19 0.0 121356.000001 5856755.06997 253732 149216 1231 406 0 0 404585 0 0 74512.67 404585
2015,8,1,2,1 	1 1 5165519.98333 668856.0 1021864.37 2925 376322 4393405.06 82743.0 189511.44 517865.42 0.0 113673.600001 5350323.77998 220520 156905 1296 526 0 0 379247 0 0 53072.85 379247
2015,9,8,2,1 	1 1 5466634.26667 598078.0 957806.96 3016 359935 4465870.28 132411.5 181297.0 582115.19 0.0 108797.100001 5558413.93998 227237 134132 1111 471 0 0 362951 0 0 87884.05 362951
2015,9,26,2,1 	1 1 6650271.45 730280.0 1093904.15 2804 414667 4984596.5 88947.0 208559.0 605732.4 0.0 125149.800001 6061959.90997 253919 161538 1456 558 0 0 417471 0 0 48975.01 417471
2015,7,17,2,1 	1 1 5232870.01667 590458.0 971585.41 2791 351321 4316306.64 136397.72 176985.0 563390.35 0.0 106144.800001 5373857.59998 219989 132348 1299 476 0 0 354112 0 0 74539.24 354112
2015,7,13,2,1 	1 1 4593817.98333 563722.0 1594649.28 2437 336694 3953321.09 126953.6 169416.55 524777.78 0.0 101649.000001 4953250.53998 208113 129590 1069 359 0 0 339131 0 0 77090.01 339131
2015,5,22,2,2 	1 1 519715.933333 18052.0 174629.33 102 10017 524892.95 1.23 5045.5 67255.98 0.0 3027.6 644148.97 6511 3504 82 22 0 0 10119 0 0 43925.71 10119
2015,5,26,2,2 	1 1 504632.6 17855.0 173247.37 71 9887 516777.3 1.5 4966.0 68477.62 0.0 2982.0 636770.05 6698 3186 58 16 0 0 9958 0 0 43565.63 9958
2015,11,7,2,2 	1 1 327275.35 13338.0 130230.54 134 7426 392115.61 1.0 3771.0 49545.25 0.0 2263.8 480920.97 4853 2635 59 13 0 0 7560 0 0 33224.31 7560
2015,11,3,2,2 	1 1 385024.783333 14026.0 139580.31 196 7921 420561.68 0.02 4041.0 55603.48 0.0 2427.0 518472.49 5357 2672 64 24 0 0 8117 0 0 35839.31 8117
2015,3,6,2,2 	1 1 523335.933333 17260.0 171758.65 111 9832 515544.62 4.46 4959.5 74378.03 0.0 2981.4 640373.13 6986 2862 74 21 0 0 9943 0 0 42511.92 9943
2015,6,23,2,2 	1 1 370879.466667 13631.0 133445.46 102 7638 401255.36 1.0 3859.0 51271.06 0.0 2316.0 492555.29 4949 2725 51 15 0 0 7740 0 0 33853.67 7740
2015,3,2,2,2 	1 1 473240.716667 16871.0 173876.26 98 9926 519338.73 1.0 5002.0 75994.57 0.0 3006.0 645407.03 7335 2611 59 19 0 0 10024 0 0 42070.33 10024
2015,6,27,2,2 	1 1 373337.166667 14853.0 138524.51 93 7928 415748.5 1.73 3997.0 49715.57 0.0 2399.4 506293.55 4884 3058 58 21 0 0 8021 0 0 34431.35 8021
2015,11,16,2,2 	1 1 443422.15 16387.0 165525.2 258 9337 497512.9 1.0 4784.5 69711.68 0.0 2872.5 617808.99 6742 2764 54 35 0 0 9595 0 0 42926.41 9595
2015,11,12,2,2 	1 1 460055.266667 14959.0 149867.55 216 8464 449975.91 2.5 4328.5 59486.17 0.0 2597.7 554340.02 5694 2904 61 21 0 0 8680 0 0 37949.24 8680
2015,1,26,2,2 	1 1 220793.116667 7431.0 74428.96 33 4359 227460.21 0.0 2189.5 32608.09 0.0 1315.5 281956.64 3048 1301 35 8 0 0 4392 0 0 18385.74 4392
2015,1,22,2,2 	1 1 287779.983333 12210.0 121464.51 98 7021 368889.75 1.0 3545.0 51419.87 0.0 2132.1 456760.32 4928 2123 58 10 0 0 7119 0 0 30778.0 7119
2015,2,27,2,2 	1 1 390670.05 13931.0 138309.46 96 7977 418403.54 6.23 4025.5 59971.03 0.0 2420.1 519203.99 5705 2306 50 12 0 0 8073 0 0 34382.29 8073
2015,2,23,2,2 	1 1 386097.7 15050.0 151773.39 88 8610 451132.95 1.73 4339.0 65276.75 0.0 2607.9 560115.3 6274 2355 54 15 0 0 8698 0 0 36760.57 8698
2015,6,30,2,2 	1 1 345430.566667 13236.0 128128.4 104 7317 385169.16 0.5 3704.5 47877.61 0.0 2221.5 472365.03 4632 2710 59 20 0 0 7421 0 0 33391.76 7421
2015,3,28,2,2 	1 1 289002.016667 13990.0 131842.77 63 7416 386970.58 2.23 3722.0 45040.52 0.0 2241.9 471209.55 4466 2942 51 20 0 0 7479 0 0 33240.12 7479
2015,2,7,2,2 	1 1 209475.333333 9969.0 98077.86 54 5727 299347.35 1.0 2879.0 40811.56 0.0 1733.1 368807.83 3982 1742 40 17 0 0 5781 0 0 24041.22 5781
2015,2,3,2,2 	1 1 329828.516667 12883.0 131346.97 160 7518 397662.48 9.56 3825.5 59396.96 0.0 2299.8 496822.39 5661 1961 42 14 0 0 7678 0 0 33635.79 7678
2015,12,6,2,2 	1 1 394829.533333 17504.0 170912.73 205 9780 518115.8 1.0 4981.0 71781.63 0.0 2990.7 641856.91 7017 2872 80 16 0 0 9985 0 0 43986.78 9985
2015,12,2,2,2 	1 1 442563.0 13830.0 137691.32 182 7793 413683.61 1.02 3978.5 56702.89 0.0 2388.9 511505.69 5340 2562 60 13 0 0 7975 0 0 34752.37 7975
2015,12,17,2,2 	1 1 527737.666667 14507.0 140151.77 221 7900 421279.4 1.05 4051.5 59409.0 0.0 2432.1 522244.54 5563 2481 66 11 0 0 8121 0 0 35072.29 8121
2015,10,26,2,2 	1 1 478023.3 17058.0 168141.91 109 9566 501476.65 2.22 4824.0 66062.95 0.0 2895.9 618308.76 6472 3127 61 15 0 0 9675 0 0 43047.04 9675
2015,12,13,2,2 	1 1 395149.616667 15983.0 155988.67 209 8870 471078.13 0.0 4528.5 66000.87 0.0 2718.9 582988.57 6444 2578 49 8 0 0 9079 0 0 38662.97 9079
2015,10,22,2,2 	1 1 522145.066667 17221.0 166518.87 107 9554 501149.62 3.24 4818.0 64931.26 0.0 2894.1 616004.64 6237 3333 68 23 0 0 9661 0 0 42214.76 9661
2015,6,3,2,2 	1 1 477959.933333 14821.0 148647.8 95 8505 445913.8 1.5 4288.5 58138.01 0.0 2572.8 548680.54 5546 2967 74 13 0 0 8600 0 0 37766.73 8600
2015,6,7,2,2 	1 1 524566.216667 18753.0 190575.61 104 10602 555405.46 0.0 5340.5 72257.22 0.0 3202.5 673590.89 7198 3430 58 20 0 0 10706 0 0 37386.01 10706
2015,8,18,2,2 	1 1 171978.05 7358.0 68632.7 59 3943 207794.62 1.0 1999.0 25088.38 0.0 1199.1 253468.74 2507 1442 47 6 0 0 4002 0 0 17392.98 4002
2015,7,6,2,2 	1 1 383715.433333 16935.0 163094.76 116 9284 487737.09 1.3 4687.0 62669.91 0.0 2812.5 598418.21 6284 3042 59 15 0 0 9400 0 0 40510.41 9400
2015,9,19,2,2 	1 1 368883.083333 14918.0 140697.94 92 8111 425557.7 1.0 4089.5 49350.0 0.0 2456.7 517580.63 4883 3252 51 17 0 0 8203 0 0 36125.73 8203
2015,9,15,2,2 	1 1 389580.95 14753.0 145780.51 102 8352 438804.6 3.46 4217.0 56315.16 0.0 2533.5 538876.33 5428 2945 65 16 0 0 8454 0 0 37008.95 8454
2015,9,11,2,2 	1 1 520242.333333 16761.0 164000.29 135 9414 494757.4 0.0 4756.5 64700.76 0.0 2855.4 608046.09 6239 3206 77 27 0 0 9549 0 0 40976.83 9549
2015,10,19,2,2 	1 1 503912.133333 17879.0 180513.62 118 10218 536679.59 0.53 5160.0 73308.43 0.0 3096.9 664307.84 7053 3221 53 9 0 0 10336 0 0 46063.19 10336
2015,8,29,2,2 	1 1 328419.516667 14708.0 138241.64 73 7877 412380.65 0.0 3966.0 43434.38 0.0 2379.9 496594.82 4494 3380 58 18 0 0 7950 0 0 34433.89 7950
2015,1,8,2,2 	1 1 299298.583333 11910.0 117267.04 87 6724 352885.1 1.73 3394.0 45063.71 0.0 2031.0 432049.96 4450 2296 47 18 0 0 6811 0 0 28679.82 6811
2015,6,16,2,2 	1 1 410434.5 15122.0 147132.07 90 8426 441647.22 1.0 4247.0 59492.15 0.0 2547.6 544456.63 5724 2722 48 22 0 0 8516 0 0 36521.66 8516
2015,1,4,2,2 	1 1 338800.75 17471.0 168395.99 172 9511 502704.72 1.0 4835.0 66597.6 0.0 1568.7 614397.5 6834 2783 48 18 0 0 9683 0 0 37380.78 9683
2015,8,21,2,2 	1 1 420586.683333 15646.0 147988.81 123 8406 442308.18 1.01 4255.0 53188.86 0.0 2553.3 539981.2 5223 3226 64 16 0 0 8529 0 0 37675.65 8529
2015,10,15,2,2 	1 1 520599.833333 17079.0 3175451.05 145 9524 501658.01 3.76 4823.0 67308.76 0.0 2895.6 619732.34 6402 3197 55 15 0 0 9669 0 0 43044.81 9669
2015,8,25,2,2 	1 1 325811.383333 13843.0 131347.5 90 7468 392129.61 1.01 3770.5 45499.82 0.0 2263.8 477085.76 4559 2941 41 17 0 0 7558 0 0 33421.02 7558
2015,11,27,2,2 	1 1 187924.116667 9452.0 89151.25 77 5101 268042.3 1.0 2577.0 28675.52 0.0 1547.4 322847.76 2797 2315 52 14 0 0 5178 0 0 22004.54 5178
2015,11,23,2,2 	1 1 331736.0 12453.0 121421.89 141 6879 363813.04 2.0 3498.5 43293.39 0.0 2101.2 443845.67 4306 2632 71 11 0 0 7020 0 0 31137.54 7020
2015,4,21,2,2 	1 1 394215.566667 14666.0 8144251.62 82 8241 431633.34 3.96 4152.5 59102.37 0.0 2492.4 534324.08 5671 2587 50 15 0 0 8323 0 0 36942.11 8323
2015,2,16,2,2 	1 1 364155.3 17104.0 168494.44 136 9674 509201.63 1.0 4894.5 69242.15 0.0 2940.6 625979.89 6838 2884 67 21 0 0 9810 0 0 39705.91 9810
2015,2,12,2,2 	1 1 403217.2 14756.0 145484.48 103 8398 440581.28 63.1 4238.5 61362.68 0.0 2549.7 544988.64 5912 2513 56 20 0 0 8501 0 0 36198.08 8501
2015,5,8,2,2 	1 1 540941.016667 16649.0 163619.89 113 9385 492921.53 1.0 4740.0 66098.36 0.0 2843.4 607945.85 6137 3274 72 15 0 0 9498 0 0 41341.86 9498
2015,12,31,2,2 	1 1 248015.283333 11459.0 106857.13 113 6003 316790.9 4.06 3047.0 38361.67 0.0 1830.0 386129.7 3853 2201 39 23 0 0 6116 0 0 26096.07 6116
2015,5,4,2,2 	1 1 502916.1 17947.0 178378.66 183 10062 531922.8 0.0 5113.5 71194.1 0.0 3068.1 657186.33 6866 3298 64 17 0 0 10245 0 0 45887.53 10245
2015,9,4,2,2 	1 1 432422.55 16861.0 161211.3 108 9194 482108.61 1.0 4636.0 59083.18 0.0 2782.8 589144.71 5876 3336 69 21 0 0 9302 0 0 40533.12 9302
2015,11,30,2,2 	1 1 556387.283333 18590.0 190649.93 289 10583 563961.86 3.0 5425.5 80230.94 0.0 3256.8 700668.95 7822 2971 65 14 0 0 10872 0 0 47790.85 10872
2015,6,12,2,2 	1 1 509440.15 16291.0 159320.87 101 9169 479931.76 2.0 4615.5 63771.38 0.0 2771.1 590984.66 6149 3023 78 20 0 0 9270 0 0 39892.92 9270
2015,5,19,2,2 	1 1 490217.25 17463.0 2172516.3 111 9846 517009.72 122.2 4972.0 68758.1 0.0 2982.3 637043.56 6605 3273 61 18 0 0 9957 0 0 43199.24 9957
2015,4,10,2,2 	1 1 355036.05 14964.0 145127.81 150 8187 432311.88 3.5 4158.5 54124.76 0.0 2498.1 530234.64 5300 2955 55 27 0 0 8337 0 0 37141.2 8337
2015,3,31,2,2 	1 1 382956.3 13495.0 129240.81 80 7381 386056.63 0.0 3715.5 46159.79 0.0 2237.4 470929.53 4471 2908 64 18 0 0 7461 0 0 32768.21 7461
2015,4,14,2,2 	1 1 362530.633333 14457.0 141723.04 118 8096 426148.31 467.7 4099.0 55935.89 0.0 2460.0 524993.12 5463 2674 60 17 0 0 8214 0 0 35883.62 8214
2015,5,11,2,2 	1 1 503411.333333 17901.0 177137.81 113 10102 530203.18 2.23 5094.5 71355.44 0.0 3056.4 655243.88 6859 3262 68 26 0 0 10215 0 0 45538.47 10215
2015,4,18,2,2 	1 1 342742.666667 14083.0 133380.09 69 7709 402904.84 0.0 3875.0 49242.31 0.0 2325.9 492397.91 4865 2833 58 22 0 0 7778 0 0 34058.0 7778
2015,5,15,2,2 	1 1 604925.55 18585.0 185700.34 213 10429 552082.31 0.5 5308.5 73919.28 0.0 3187.2 681039.21 7039 3520 60 23 0 0 10642 0 0 46542.22 10642
2015,12,28,2,2 	1 1 394484.516667 15446.0 143443.47 132 8066 425158.71 1.0 4089.5 49820.76 0.0 2455.5 516374.49 4969 3136 73 20 0 0 8198 0 0 34849.82 8198
2015,12,24,2,2 	1 1 263949.883333 11434.0 104686.32 100 5953 313770.0 1.52 3017.5 38749.19 0.0 1811.7 383140.23 3904 2078 58 13 0 0 6053 0 0 25790.32 6053
2015,4,25,2,2 	1 1 321598.033333 13927.0 133328.2 67 7626 397905.71 1.0 3828.0 46961.67 0.0 2297.4 484699.0 4677 2942 54 20 0 0 7693 0 0 33705.52 7693
2015,12,20,2,2 	1 1 332099.016667 13895.0 130365.86 141 7394 390996.35 0.02 3759.0 49959.27 0.0 2256.3 478992.86 4964 2503 51 17 0 0 7535 0 0 32021.92 7535
2015,10,11,2,2 	1 1 453343.25 18351.0 179590.0 132 10235 537511.6 1.0 5168.0 70722.44 0.0 3101.4 661407.58 7022 3257 69 19 0 0 10367 0 0 44903.94 10367
2015,7,31,2,2 	1 1 460474.016667 16789.0 1872432.03 211 8959 628698.02 3.23 4571.62 61518.15 0.0 2744.7 737422.1 5917 3181 50 22 0 0 9170 0 0 39886.38 9170
2015,9,22,2,2 	1 1 330429.15 13084.0 129979.75 105 7441 390567.22 1.52 3754.0 49034.4 0.0 2255.4 478397.4 4741 2724 53 28 0 0 7546 0 0 32790.4 7546
2015,1,15,2,2 	1 1 390607.866667 13873.0 137003.87 116 7945 417452.0 1.5 4017.0 58558.34 0.0 2407.5 516144.21 5556 2421 63 21 0 0 8061 0 0 33721.8 8061
2015,3,24,2,2 	1 1 361977.6 13861.0 133630.44 75 7704 403024.95 1.5 3877.0 52683.66 0.0 2332.2 496632.53 5067 2628 64 20 0 0 7779 0 0 34720.62 7779
2015,1,11,2,2 	1 1 299994.083333 15368.0 151236.37 96 8766 459791.4 0.5 4420.5 63764.22 0.0 2647.5 567436.78 6362 2425 60 15 0 0 8862 0 0 36817.66 8862
2015,3,20,2,2 	1 1 429575.7 14718.0 152013.44 85 8339 436179.7 0.0 4195.0 59280.71 0.0 2526.0 538705.37 5665 2675 63 21 0 0 8424 0 0 36533.16 8424
2015,1,19,2,2 	1 1 396068.2 15705.0 158070.66 88 8989 470659.54 1.0 4529.0 66636.07 0.0 2715.6 581713.57 6602 2421 43 11 0 0 9077 0 0 37176.76 9077
2015,4,29,2,2 	1 1 446676.583333 15268.0 3329636.06 112 8546 447864.24 2.5 4308.5 58529.61 0.0 2585.1 552032.35 5591 2995 60 12 0 0 8658 0 0 38749.34 8658
2015,4,1,2,2 	1 1 415093.45 14720.0 141069.37 98 8033 421571.93 72.06 4059.5 49096.52 0.0 2437.8 513653.27 4804 3256 57 14 0 0 8131 0 0 36417.46 8131
2015,7,28,2,2 	1 1 353625.683333 13690.0 130704.42 71 7495 391955.44 1.73 3771.0 48456.16 0.0 2262.6 479650.73 4755 2730 59 22 0 0 7566 0 0 33203.8 7566
2015,4,5,2,2 	1 1 322609.783333 16146.0 151360.45 80 8702 455540.81 0.0 4382.0 56205.54 0.0 2631.9 555352.51 5692 3010 64 16 0 0 8782 0 0 36595.86 8782
2015,4,9,2,2 	1 1 356484.066667 15140.0 144437.76 112 8227 432412.67 1.23 4158.5 53602.8 0.0 2498.1 529019.74 5235 3026 59 19 0 0 8339 0 0 36349.84 8339
2015,7,20,2,2 	1 1 440506.166667 17122.0 164493.09 114 9391 492648.3 0.5 4738.5 62706.98 0.0 2842.5 604257.39 6110 3317 63 15 0 0 9505 0 0 41322.51 9505
2015,7,24,2,2 	1 1 461795.433333 16364.0 156369.12 122 8917 468134.76 0.0 4502.0 60328.6 0.0 2702.1 574878.43 5787 3151 78 23 0 0 9039 0 0 39210.97 9039
2015,8,5,2,2 	1 1 382536.716667 14427.0 137919.47 124 7805 411468.0 0.0 3955.0 51356.16 0.0 2372.7 503790.65 4993 2858 61 17 0 0 7929 0 0 34638.79 7929
2015,10,8,2,2 	1 1 551889.6 17066.0 166296.38 107 9471 496499.14 2.01 4774.0 65585.07 0.0 2865.6 612390.37 6254 3229 71 24 0 0 9578 0 0 42666.15 9578
2015,3,13,2,2 	1 1 478365.416667 15762.0 3165032.07 160 8964 472900.3 4.46 4547.5 66767.05 0.0 2736.0 586710.7 6349 2678 75 22 0 0 9124 0 0 39762.59 9124
2015,7,2,2,2 	1 1 412109.9 14383.0 136876.43 97 7842 411679.58 0.5 3957.5 53063.38 0.0 2374.8 505489.8 5111 2751 57 20 0 0 7939 0 0 34414.04 7939
2015,10,4,2,2 	1 1 392111.783333 17651.0 171442.53 120 9791 514612.45 0.5 4948.5 69202.01 0.0 2969.7 634302.25 6794 3038 69 10 0 0 9911 0 0 42569.09 9911
2015,3,17,2,2 	1 1 288135.2 11774.0 118080.57 66 6759 353356.11 2.0 3400.5 45857.08 0.0 2046.0 433608.23 4499 2267 44 15 0 0 6825 0 0 28952.74 6825
2015,8,1,2,2 	1 1 357165.466667 15595.0 142833.01 96 8180 428926.3 1.74 4125.0 50532.14 0.0 2475.0 522472.78 4973 3217 62 24 0 0 8276 0 0 36412.6 8276
2015,9,8,2,2 	1 1 503030.116667 17844.0 174963.11 120 9980 523998.8 3.01 5041.5 67761.09 0.0 3024.6 644338.59 6678 3337 68 17 0 0 10100 0 0 44509.59 10100
2015,9,26,2,2 	1 1 341229.566667 13898.0 135560.99 79 7725 403825.12 2.73 3884.5 46825.37 0.0 2333.4 490981.78 4664 3060 62 18 0 0 7804 0 0 34110.66 7804
2015,7,17,2,2 	1 1 433878.683333 15469.0 150478.76 106 8606 451523.38 1.0 4342.5 58190.32 0.0 2606.1 554144.53 5612 3004 75 21 0 0 8712 0 0 37482.03 8712
2015,7,13,2,2 	1 1 408408.533333 16369.0 160335.6 94 9144 479953.59 0.0 4614.5 63283.41 0.0 2769.3 591123.28 6171 2998 51 18 0 0 9238 0 0 40503.28 9238
2015,5,22,2,3 	1 1 41286.1333333 1746.0 15282.17 8 987 64188.84 202.5 0.0 10263.48 0.0 295.5 86174.22 738 211 35 11 0 0 995 0 0 11223.9 995
2015,5,26,2,3 	1 1 23244.5666667 1180.0 10602.4 4 660 42413.5 161.0 0.0 5755.12 0.0 198.0 56561.47 420 210 26 8 0 0 664 0 0 8033.85 664
2015,11,7,2,3 	1 1 21097.5833333 1090.0 10387.31 3 616 40253.5 56.5 0.0 5231.4 0.0 185.7 53423.6 390 206 18 5 0 0 619 0 0 7696.5 619
2015,11,3,2,3 	1 1 28231.8833333 1183.0 11195.56 9 686 44285.39 59.0 1.0 6225.14 0.0 206.7 59140.26 452 211 26 6 0 0 695 0 0 8363.03 695
2015,3,6,2,3 	1 1 47590.1166667 1996.0 19031.76 12 1141 76837.8 259.5 0.5 13523.72 0.0 345.9 104773.99 913 199 36 5 0 0 1153 0 0 13807.77 1153
2015,6,23,2,3 	1 1 22926.85 982.0 9468.61 5 571 38013.5 156.0 0.0 5841.08 0.0 171.0 50990.43 391 159 20 6 0 0 576 0 0 6808.85 576
2015,3,2,2,3 	1 1 23659.2833333 1199.0 11530.88 5 698 44835.0 158.0 0.0 6900.75 0.0 210.6 60289.05 500 180 17 6 0 0 703 0 0 8186.5 703
2015,6,27,2,3 	1 1 21772.7 1092.0 9662.8 5 603 38962.5 53.5 0.0 5090.36 0.0 181.8 51372.23 370 202 28 8 0 0 608 0 0 7084.07 608
2015,11,16,2,3 	1 1 28059.4666667 1397.0 12884.53 9 784 50308.5 185.0 1.0 7094.05 0.0 235.5 67313.0 509 256 22 6 0 0 793 0 0 9488.95 793
2015,11,12,2,3 	1 1 30414.0166667 1233.0 12047.88 10 739 48076.5 182.5 1.0 7981.07 0.0 223.5 65577.82 539 173 27 10 0 0 749 0 0 9113.25 749
2015,1,26,2,3 	1 1 18457.0833333 870.0 8070.81 4 494 31821.03 73.5 0.0 4874.99 0.0 148.8 42855.25 348 138 8 4 0 0 498 0 0 5936.93 498
2015,1,22,2,3 	1 1 18991.4333333 1001.0 9482.8 6 599 37531.0 125.5 0.0 6305.13 0.0 181.2 51038.98 447 135 20 3 0 0 605 0 0 6897.35 605
2015,2,27,2,3 	1 1 30063.1333333 1383.0 12829.3 7 792 51714.0 152.0 0.0 8051.58 0.0 239.4 69599.46 576 181 38 4 0 0 799 0 0 9431.68 799
2015,2,23,2,3 	1 1 21737.3333333 1043.0 9601.45 1 605 37630.6 151.0 0.5 5428.04 0.0 181.8 50308.22 415 170 18 3 0 0 606 0 0 6918.08 606
2015,6,30,2,3 	1 1 31683.2666667 1191.0 10973.68 3 677 45989.0 168.5 0.0 6695.24 0.0 203.1 60875.22 448 202 23 7 0 0 680 0 0 7819.38 680
2015,3,28,2,3 	1 1 24680.8166667 959.0 8795.02 6 530 34515.64 48.5 0.0 4625.59 0.0 160.8 45677.21 344 166 19 7 0 0 536 0 0 6327.88 536
2015,2,7,2,3 	1 1 12699.0 781.0 6886.36 3 443 27152.3 34.5 0.0 4071.68 0.0 133.5 36556.56 301 123 19 3 0 0 446 0 0 5165.18 446
2015,2,3,2,3 	1 1 19574.9833333 959.0 8799.14 5 561 35001.9 114.5 0.5 5668.65 0.0 169.8 47551.85 408 130 26 2 0 0 566 0 0 6596.5 566
2015,12,6,2,3 	1 1 38262.5833333 1942.0 17820.49 4 1074 69636.3 50.5 0.0 9542.04 0.0 321.0 93415.15 704 334 32 8 0 0 1078 0 0 13865.31 1078
2015,12,2,2,3 	1 1 26444.8166667 1161.0 11150.92 5 672 44452.0 147.5 0.0 7413.24 0.0 202.8 60696.49 498 159 14 6 0 0 677 0 0 8480.95 677
2015,12,17,2,3 	1 1 37599.2333333 1462.0 14141.81 10 841 57189.0 216.5 0.0 9141.7 0.0 254.7 77927.46 632 174 41 4 0 0 851 0 0 11125.56 851
2015,10,26,2,3 	1 1 31193.6166667 1450.0 12993.37 8 790 50787.0 228.0 1.0 7108.05 0.0 238.2 67995.58 522 245 25 6 0 0 798 0 0 9633.33 798
2015,12,13,2,3 	1 1 43063.4 1992.0 18192.67 8 1077 71713.0 51.5 0.0 9610.86 0.0 324.3 96069.75 716 329 33 7 0 0 1085 0 0 14370.09 1085
2015,10,22,2,3 	1 1 30459.1166667 1193.0 11134.4 5 698 44795.3 173.0 0.0 7562.76 0.0 209.7 61202.59 513 166 18 6 0 0 703 0 0 8461.83 703
2015,6,3,2,3 	1 1 23658.1166667 1024.0 9522.52 6 601 38517.34 146.0 0.0 6209.74 0.0 180.0 52113.62 414 162 24 7 0 0 607 0 0 7060.54 607
2015,6,7,2,3 	1 1 31650.1 1588.0 14329.82 5 873 56596.5 53.0 0.0 7889.57 0.0 261.6 75352.59 575 265 30 8 0 0 878 0 0 10551.92 878
2015,8,18,2,3 	1 1 14258.2333333 718.0 6169.6 1 383 24379.5 39.5 0.0 3319.23 0.0 115.2 32377.64 244 126 13 1 0 0 384 0 0 4524.21 384
2015,7,6,2,3 	1 1 18768.3166667 958.0 8746.33 7 549 34475.0 150.0 0.5 4505.94 0.0 165.6 45669.85 326 201 23 6 0 0 556 0 0 6372.81 556
2015,9,19,2,3 	1 1 23025.9 1056.0 9724.77 5 591 38710.01 54.0 0.5 4976.77 0.0 178.2 50984.91 384 182 26 4 0 0 596 0 0 7065.43 596
2015,9,15,2,3 	1 1 20810.45 940.0 8454.08 3 542 33900.0 145.0 1.0 4783.65 0.0 162.9 45335.75 348 165 23 9 0 0 545 0 0 6343.2 545
2015,9,11,2,3 	1 1 32159.45 1345.0 13324.52 6 810 54134.5 173.0 0.5 8969.0 0.0 244.8 73677.59 614 183 16 3 0 0 816 0 0 10155.79 816
2015,10,19,2,3 	1 1 25248.4666667 1222.0 11207.58 7 696 44533.0 168.0 0.0 6240.97 0.0 210.3 59268.18 440 225 34 4 0 0 703 0 0 8127.96 703
2015,8,29,2,3 	1 1 20530.6833333 991.0 8796.45 3 525 35028.5 35.5 0.0 3987.56 0.0 158.4 45710.15 307 197 20 4 0 0 528 0 0 6500.19 528
2015,1,8,2,3 	1 1 17059.9166667 922.0 8345.0 5 515 32646.0 123.0 1.0 4990.3 0.0 153.9 43879.34 356 144 16 4 0 0 520 0 0 5965.74 520
2015,6,16,2,3 	1 1 23222.5333333 1109.0 10153.93 6 621 40621.5 161.5 0.0 5792.63 0.0 186.3 54072.17 411 189 24 3 0 0 627 0 0 7310.24 627
2015,1,4,2,3 	1 1 26072.65 1511.0 13163.42 10 774 50437.0 69.3 0.0 5244.35 0.0 120.6 65565.55 438 321 21 4 0 0 784 0 0 9581.5 784
2015,8,21,2,3 	1 1 34188.4166667 1432.0 13120.82 7 770 53430.0 195.5 0.0 8315.44 0.0 231.6 71791.35 561 190 23 3 0 0 777 0 0 9618.81 777
2015,10,15,2,3 	1 1 25563.05 1106.0 10558.13 6 661 42560.31 178.5 1.0 6391.2 0.0 199.5 57635.33 461 168 32 6 0 0 667 0 0 8304.82 667
2015,8,25,2,3 	1 1 18954.25 941.0 8223.9 6 526 33540.0 128.0 0.0 4208.24 0.0 157.8 44227.65 308 195 25 4 0 0 532 0 0 6193.61 532
2015,11,27,2,3 	1 1 10992.15 724.0 6301.4 2 382 23976.0 95.0 0.0 2874.48 0.0 114.6 31616.25 215 147 17 5 0 0 384 0 0 4556.17 384
2015,11,23,2,3 	1 1 21955.1166667 988.0 9644.53 3 585 38267.5 162.0 0.0 5159.66 0.0 175.2 51086.76 354 207 22 5 0 0 588 0 0 7322.4 588
2015,4,21,2,3 	1 1 23406.9833333 1142.0 10617.82 4 663 42220.5 169.0 1.5 6347.22 0.0 199.5 56938.06 443 191 24 9 0 0 667 0 0 8000.34 667
2015,2,16,2,3 	1 1 29048.5333333 1760.0 16101.36 16 961 61685.35 96.0 0.0 8776.7 0.0 292.5 82397.97 667 272 36 2 0 0 977 0 0 11548.02 977
2015,2,12,2,3 	1 1 25478.95 1242.0 11453.71 9 727 45763.75 203.5 1.0 8103.34 0.0 220.5 62816.18 568 138 23 7 0 0 736 0 0 8526.19 736
2015,5,8,2,3 	1 1 36492.4 1490.0 14333.74 14 891 58748.8 196.0 0.0 9893.26 0.0 268.5 79637.52 650 213 32 10 0 0 905 0 0 10530.96 905
2015,12,31,2,3 	1 1 9165.08333333 620.0 4957.46 0 313 19407.5 78.5 0.5 2079.15 0.0 93.9 25448.14 172 123 16 2 0 0 313 0 0 3788.59 313
2015,5,4,2,3 	1 1 25304.6333333 1263.0 11457.97 13 698 44965.0 151.0 1.0 6174.56 0.0 211.5 59976.04 435 241 29 6 0 0 711 0 0 8472.98 711
2015,9,4,2,3 	1 1 32820.0333333 1304.0 11769.81 8 734 48454.0 180.0 0.0 7201.58 0.0 220.8 64730.12 532 175 30 5 0 0 742 0 0 8673.74 742
2015,11,30,2,3 	1 1 26665.9833333 1118.0 10835.85 8 655 42469.34 188.5 0.5 5574.28 0.0 198.9 56439.47 389 247 24 3 0 0 663 0 0 8007.95 663
2015,6,12,2,3 	1 1 33184.7666667 1375.0 12701.13 9 781 51940.8 193.5 0.5 8763.91 0.0 236.1 70962.58 594 170 21 5 0 0 790 0 0 9827.77 790
2015,5,19,2,3 	1 1 30666.95 1402.0 13349.43 4 818 53571.3 189.0 0.0 8214.39 0.0 246.6 72114.09 575 210 35 2 0 0 822 0 0 9892.8 822
2015,4,10,2,3 	1 1 28585.0 1355.0 12293.17 11 757 48818.5 142.5 0.0 7714.35 0.0 229.8 65954.26 520 210 32 6 0 0 768 0 0 9050.91 768
2015,3,31,2,3 	1 1 21782.5166667 972.0 8841.75 5 558 56116.0 128.0 0.0 5268.61 0.0 168.9 68237.55 372 163 19 9 0 0 563 0 0 6556.64 563
2015,4,14,2,3 	1 1 19181.6833333 982.0 9234.25 9 571 36473.5 158.5 0.0 5269.43 0.0 174.0 48839.44 384 171 17 8 0 0 580 0 0 6764.61 580
2015,5,11,2,3 	1 1 22650.9333333 1126.0 10565.65 4 649 41553.5 161.0 0.5 6142.43 0.0 195.9 55794.88 445 184 21 3 0 0 653 0 0 7741.55 653
2015,4,18,2,3 	1 1 19934.7333333 1000.0 9209.51 5 555 36081.5 51.0 0.5 5129.04 0.0 168.0 48117.59 387 158 13 2 0 0 560 0 0 6687.55 560
2015,5,15,2,3 	1 1 44830.7666667 1712.0 15709.51 17 958 65338.5 210.5 0.0 9980.01 0.0 289.5 87499.19 683 262 21 9 0 0 975 0 0 11680.68 975
2015,12,28,2,3 	1 1 20480.1833333 884.0 7624.97 2 443 29543.5 105.0 0.5 2964.58 0.0 132.9 38454.07 224 208 11 2 0 0 445 0 0 5707.59 445
2015,12,24,2,3 	1 1 20067.2666667 1045.0 10274.11 9 597 39312.0 142.0 1.0 6355.22 0.0 180.6 53653.15 465 124 12 5 0 0 606 0 0 7662.33 606
2015,4,25,2,3 	1 1 23371.1833333 1055.0 9317.66 8 590 38304.5 53.0 0.0 5237.81 0.0 179.4 50440.6 371 196 25 6 0 0 598 0 0 6666.49 598
2015,12,20,2,3 	1 1 34497.4833333 1821.0 16634.78 7 999 64573.5 84.5 0.0 9649.84 0.0 300.0 87879.98 725 244 28 9 0 0 1006 0 0 13272.14 1006
2015,10,11,2,3 	1 1 34384.0833333 1542.0 13989.56 4 859 56166.0 48.0 0.5 6830.73 0.0 258.3 73877.41 516 304 34 9 0 0 863 0 0 10573.88 863
2015,7,31,2,3 	1 1 40889.2 1371.0 13206.28 13 801 55663.3 199.5 0.0 8736.02 0.0 240.0 74719.46 608 180 16 10 0 0 814 0 0 9880.64 814
2015,9,22,2,3 	1 1 21511.8 1089.0 10413.89 7 634 40981.5 143.5 0.0 5828.51 0.0 190.5 54867.48 426 191 17 7 0 0 641 0 0 7723.47 641
2015,1,15,2,3 	1 1 24491.4333333 1176.0 11460.55 12 706 45653.5 172.5 0.0 7602.25 0.0 215.1 61981.9 527 162 21 8 0 0 718 0 0 8355.4 718
2015,3,24,2,3 	1 1 20072.7666667 919.0 8731.37 2 543 34703.3 132.5 0.0 5423.48 0.0 163.5 46896.57 392 136 17 0 0 0 545 0 0 6462.99 545
2015,1,11,2,3 	1 1 19201.9666667 1103.0 10360.89 10 623 39827.0 40.0 0.5 5225.48 0.0 189.3 52941.7 390 225 12 6 0 0 633 0 0 7659.42 633
2015,3,20,2,3 	1 1 29509.1333333 1363.0 12570.64 5 781 50106.5 178.0 0.5 8188.01 0.0 235.8 67909.47 561 187 31 7 0 0 786 0 0 9201.86 786
2015,1,19,2,3 	1 1 15142.1166667 846.0 8046.88 3 501 31260.5 50.0 0.0 4555.72 0.0 150.9 41991.57 340 141 19 4 0 0 504 0 0 5975.05 504
2015,4,29,2,3 	1 1 29855.35 1235.0 11977.83 10 725 48810.0 167.0 0.0 7470.76 0.0 220.5 65557.21 509 203 20 3 0 0 735 0 0 8888.95 735
2015,4,1,2,3 	1 1 26029.0333333 1163.0 10991.48 6 677 43726.34 148.5 1.0 6796.58 0.0 204.9 59139.66 465 189 21 8 0 0 683 0 0 8329.49 683
2015,7,28,2,3 	1 1 20342.5333333 997.0 8829.59 6 538 35440.5 130.0 0.0 4717.3 0.0 162.0 46748.26 348 176 18 2 0 0 544 0 0 6298.46 544
2015,4,5,2,3 	1 1 26518.75 1442.0 12520.39 8 760 49119.5 57.0 0.0 5253.59 0.0 230.4 63839.76 405 323 36 4 0 0 768 0 0 9180.47 768
2015,4,9,2,3 	1 1 27497.5166667 1271.0 11661.49 10 726 46378.0 190.5 0.0 7240.97 0.0 220.8 63623.58 512 194 26 4 0 0 736 0 0 9594.21 736
2015,7,20,2,3 	1 1 26529.6333333 1230.0 10510.27 6 645 42756.84 194.5 0.0 5732.58 0.0 194.1 56968.45 410 205 28 8 0 0 651 0 0 8090.43 651
2015,7,24,2,3 	1 1 35872.7333333 1414.0 13341.03 10 812 54967.5 179.0 0.0 8590.05 0.0 245.4 73824.32 588 205 25 4 0 0 822 0 0 9842.37 822
2015,8,5,2,3 	1 1 23420.2 1106.0 9797.86 5 611 39364.0 154.0 0.0 5840.03 0.0 184.2 52838.9 428 163 21 4 0 0 616 0 0 7296.67 616
2015,10,8,2,3 	1 1 31154.1333333 1271.0 12418.83 4 764 50491.5 195.5 1.5 8450.84 0.0 229.2 68606.98 559 174 26 9 0 0 768 0 0 9238.44 768
2015,3,13,2,3 	1 1 35705.0666667 1598.0 15211.88 8 943 61498.13 225.0 1.0 10336.35 0.0 285.3 83203.87 714 196 33 8 0 0 951 0 0 10858.69 951
2015,7,2,2,3 	1 1 29454.2666667 1269.0 11540.91 4 714 47662.5 176.0 0.5 7576.75 0.0 215.1 64059.08 526 161 24 7 0 0 718 0 0 8428.23 718
2015,10,4,2,3 	1 1 25695.1333333 1344.0 12172.1 11 735 47398.0 41.5 0.0 6301.75 0.0 223.8 63122.28 474 242 24 6 0 0 746 0 0 9157.23 746
2015,3,17,2,3 	1 1 18699.3333333 930.0 8363.02 4 523 32956.5 140.5 0.0 4900.52 0.0 158.1 44222.38 346 155 22 4 0 0 527 0 0 6069.76 527
2015,8,1,2,3 	1 1 22338.45 1157.0 9660.17 5 594 38034.18 54.5 0.0 4512.15 0.0 176.7 49753.24 343 231 19 6 0 0 599 0 0 6975.71 599
2015,9,8,2,3 	1 1 24104.6 1206.0 10343.61 8 651 40916.0 166.0 1.0 5188.79 0.0 195.9 54198.3 396 231 29 3 0 0 659 0 0 7730.61 659
2015,9,26,2,3 	1 1 21057.8666667 1004.0 9185.76 4 574 36203.5 48.0 0.5 4134.77 0.0 172.2 47192.05 326 217 32 3 0 0 578 0 0 6633.08 578
2015,7,17,2,3 	1 1 38221.75 1202.0 11500.33 3 724 50304.5 187.0 0.0 7567.1 0.0 215.1 66664.18 519 171 33 4 0 0 727 0 0 8390.48 727
2015,7,13,2,3 	1 1 21102.3 1090.0 9245.49 4 578 36385.0 153.5 0.5 5143.47 0.0 172.8 48454.34 372 182 26 2 0 0 582 0 0 6599.07 582
2015,5,22,2,4 	1 1 5797.95 212.0 2395.83 1 145 8908.35 58.0 73.0 875.24 0.0 43.8 10190.21 79 64 3 0 0 0 146 0 0 231.82 146
2015,5,26,2,4 	1 1 5461.45 300.0 2513.48 3 167 9605.5 60.0 84.5 938.53 0.0 51.0 10994.45 87 79 4 0 0 0 170 0 0 254.92 170
2015,11,7,2,4 	1 1 3769.96666667 209.0 2057.14 4 124 7829.0 26.5 64.0 749.39 0.0 38.4 8984.63 66 55 5 2 0 0 128 0 0 277.34 128
2015,11,3,2,4 	1 1 5168.5 264.0 2560.74 2 148 9298.0 25.0 75.0 1014.52 0.0 45.0 10804.61 85 56 8 1 0 0 150 0 0 347.09 150
2015,3,6,2,4 	1 1 9748.81666667 351.0 3960.37 4 215 15146.45 92.0 109.5 1722.14 0.0 65.7 17594.94 136 78 4 1 0 0 219 0 0 459.15 219
2015,6,23,2,4 	1 1 4505.21666667 230.0 2435.3 6 145 9440.0 59.5 75.0 1008.26 0.0 45.3 10865.88 75 64 12 0 0 0 151 0 0 237.82 151
2015,3,2,2,4 	1 1 8327.41666667 352.0 3589.1 3 207 13537.64 82.0 104.5 1276.35 0.0 62.7 15433.68 107 100 1 2 0 0 210 0 0 370.49 210
2015,6,27,2,4 	1 1 3921.51666667 205.0 2034.63 1 108 7753.5 25.0 54.5 849.39 0.0 32.7 8940.09 65 39 4 1 0 0 109 0 0 225.0 109
2015,11,16,2,4 	1 1 6179.0 286.0 2980.61 0 169 11078.0 55.0 84.5 1338.95 0.0 50.7 12988.46 100 61 7 1 0 0 169 0 0 381.31 169
2015,11,12,2,4 	1 1 7445.16666666 320.0 2802.75 1 166 10508.63 74.0 83.5 1459.19 0.0 50.1 12475.02 105 58 4 0 0 0 167 0 0 299.6 167
2015,1,26,2,4 	1 1 3022.1 144.0 1310.39 1 90 5127.35 16.0 45.5 448.48 0.0 27.3 5800.34 42 48 1 0 0 0 91 0 0 135.71 91
2015,1,22,2,4 	1 1 8209.59999999 349.0 2809.17 9 185 10214.5 89.0 96.0 1394.54 0.0 58.2 12095.03 111 78 4 1 0 0 194 0 0 243.39 194
2015,2,27,2,4 	1 1 6665.56666667 285.0 3027.97 2 181 11445.0 86.0 91.5 1237.36 0.0 54.9 13176.12 114 64 4 1 0 0 183 0 0 261.36 183
2015,2,23,2,4 	1 1 7807.8 336.0 3574.79 5 201 13343.63 76.02 103.0 1191.66 0.0 61.8 15107.37 104 96 6 0 0 0 206 0 0 331.26 206
2015,6,30,2,4 	1 1 4616.75 231.0 2428.67 3 142 9052.4 61.0 72.5 968.05 0.0 43.5 10485.49 83 57 3 2 0 0 145 0 0 288.04 145
2015,3,28,2,4 	1 1 4020.46666667 232.0 2171.48 1 142 8336.5 45.5 71.5 758.03 0.0 42.9 9519.97 74 65 3 1 0 0 143 0 0 265.54 143
2015,2,7,2,4 	1 1 2629.13333333 166.0 1510.58 1 89 5399.0 21.5 44.5 493.75 0.0 26.7 6146.79 41 44 3 2 0 0 90 0 0 161.34 90
2015,2,3,2,4 	1 1 7125.4 333.0 3416.96 4 192 12816.0 83.0 98.0 1720.11 0.0 58.8 15081.25 121 72 3 0 0 0 196 0 0 305.34 196
2015,12,6,2,4 	1 1 4838.06666667 268.0 2798.38 3 152 10020.5 34.5 77.5 1073.77 0.0 46.5 11682.12 86 61 8 0 0 0 155 0 0 429.35 155
2015,12,2,2,4 	1 1 4793.3 227.0 2303.44 3 133 8611.0 49.5 68.0 1076.6 0.0 40.8 10153.85 91 44 0 1 0 0 136 0 0 307.95 136
2015,12,17,2,4 	1 1 8030.86666667 321.0 3569.01 4 195 13279.78 80.58 99.0 1842.16 0.0 59.7 15846.9 124 69 3 3 0 0 199 0 0 485.68 199
2015,10,26,2,4 	1 1 6483.53333333 262.0 2461.66 1 153 9193.5 57.0 77.0 890.34 0.0 46.2 10560.97 81 69 4 0 0 0 154 0 0 296.93 154
2015,12,13,2,4 	1 1 4229.68333333 237.0 2232.87 5 130 8165.0 27.52 67.0 809.79 0.0 40.5 9418.72 71 59 4 1 0 0 135 0 0 308.91 135
2015,10,22,2,4 	1 1 5224.03333333 244.0 2644.37 4 152 10217.65 71.0 78.0 1389.37 0.0 46.8 12132.39 98 56 2 0 0 0 156 0 0 329.57 156
2015,6,3,2,4 	1 1 5032.3 239.0 2407.67 1 146 9098.5 64.0 73.5 905.42 0.0 44.1 10410.97 79 65 3 0 0 0 147 0 0 225.45 147
2015,6,7,2,4 	1 1 6150.8 217.0 2593.91 1 144 9800.5 29.0 72.5 807.46 0.0 43.5 11015.03 76 68 1 0 0 0 145 0 0 262.07 145
2015,8,18,2,4 	1 1 2157.81666667 131.0 1258.93 2 81 5309.0 14.5 41.5 461.49 0.0 24.9 5918.65 41 38 4 0 0 0 83 0 0 67.26 83
2015,7,6,2,4 	1 1 7030.6 286.0 3232.03 2 175 12077.0 59.5 88.5 1213.99 0.0 53.1 13759.04 88 84 4 1 0 0 177 0 0 266.95 177
2015,9,19,2,4 	1 1 4907.35 253.0 2436.71 4 141 9000.5 35.0 72.5 923.92 0.0 43.5 10355.42 80 62 3 0 0 0 145 0 0 280.0 145
2015,9,15,2,4 	1 1 6474.43333333 243.0 2781.8 4 157 10429.5 69.5 80.5 1187.75 0.0 48.3 12075.16 97 61 3 0 0 0 161 0 0 259.61 161
2015,9,11,2,4 	1 1 7353.88333333 303.0 3345.39 2 190 12575.0 77.5 96.0 1428.69 0.0 57.6 14500.72 115 73 4 0 0 0 192 0 0 265.93 192
2015,10,19,2,4 	1 1 6767.2 372.0 3483.9 3 208 13229.5 88.0 105.5 1345.17 0.0 63.3 15164.77 108 94 8 1 0 0 211 0 0 333.3 211
2015,8,29,2,4 	1 1 6458.71666667 294.0 2678.46 2 156 12118.5 38.0 79.0 845.25 0.0 47.4 13457.38 73 79 4 2 0 0 158 0 0 329.23 158
2015,1,8,2,4 	1 1 4324.11666667 225.0 2351.69 3 129 8553.0 59.5 66.0 1081.7 0.0 39.3 10000.04 78 53 1 0 0 0 132 0 0 200.54 132
2015,6,16,2,4 	1 1 6578.5 285.0 3203.91 4 179 11931.0 72.5 91.5 1426.97 0.0 54.9 13900.62 107 71 5 0 0 0 183 0 0 323.75 183
2015,1,4,2,4 	1 1 3688.65 247.0 2153.35 5 132 7602.45 34.5 68.5 591.62 0.0 21.6 8531.51 56 76 4 1 0 0 137 0 0 193.94 137
2015,8,21,2,4 	1 1 7555.96666667 291.0 3077.25 4 170 14300.7 63.5 86.5 1013.2 0.0 52.2 15805.65 88 81 4 1 0 0 174 0 0 289.55 174
2015,10,15,2,4 	1 1 6758.43333333 272.0 2871.7 5 167 10870.3 82.5 85.5 1342.2 0.0 51.0 12711.03 105 64 3 0 0 0 172 0 0 279.53 172
2015,8,25,2,4 	1 1 5728.73333333 293.0 3069.32 5 175 13001.0 66.5 89.5 852.61 0.0 53.7 14326.75 82 90 7 1 0 0 180 0 0 263.44 180
2015,11,27,2,4 	1 1 2243.31666667 122.0 1232.74 0 78 4498.65 31.52 39.0 372.44 0.0 23.4 5109.76 45 30 3 0 0 0 78 0 0 144.75 78
2015,11,23,2,4 	1 1 6137.2 213.0 2336.69 1 134 8942.0 48.0 67.5 957.44 0.0 40.5 10395.24 80 52 3 0 0 0 135 0 0 339.8 135
2015,4,21,2,4 	1 1 5615.56666667 270.0 2853.64 1 171 10497.0 64.5 84.5 1065.13 0.0 51.0 12020.52 101 66 4 1 0 0 172 0 0 258.39 172
2015,2,16,2,4 	1 1 4637.46666667 236.0 2201.65 1 135 8267.0 27.0 68.0 737.85 0.0 40.8 9384.98 76 57 2 1 0 0 136 0 0 244.33 136
2015,2,12,2,4 	1 1 4903.11666667 200.0 2431.56 1 140 8977.0 58.0 70.5 1150.82 0.0 42.3 10515.52 89 47 2 3 0 0 141 0 0 216.9 141
2015,5,8,2,4 	1 1 7890.06666667 269.0 2834.15 3 175 10543.5 76.0 89.0 1260.01 0.0 53.4 12314.98 108 69 1 0 0 0 178 0 0 293.07 178
2015,12,31,2,4 	1 1 4305.8 241.0 2258.5 1 143 8437.0 68.5 72.0 830.58 0.0 43.2 9708.68 70 74 0 0 0 0 144 0 0 257.4 144
2015,5,4,2,4 	1 1 5591.0 280.0 2801.68 4 165 10630.0 62.0 84.5 1099.54 0.0 50.7 12213.89 96 65 5 3 0 0 169 0 0 287.15 169
2015,9,4,2,4 	1 1 5999.58333333 283.0 3040.34 3 176 46681.12 70.0 83.5 1167.5 0.0 53.7 48377.22 98 70 7 4 0 0 179 0 0 321.4 179
2015,11,30,2,4 	1 1 7719.53333333 297.0 3023.54 0 181 11314.0 69.0 90.5 1101.93 0.0 54.0 12934.68 96 81 4 0 0 0 181 0 0 305.25 181
2015,6,12,2,4 	1 1 6423.83333333 289.0 2999.5 3 167 11331.5 64.5 85.0 1456.05 0.0 51.0 13335.08 109 60 1 0 0 0 170 0 0 347.03 170
2015,5,19,2,4 	1 1 6819.48333333 331.0 3677.29 9 190 13284.0 80.0 99.5 1574.77 0.0 59.7 15466.44 114 77 7 1 0 0 199 0 0 368.47 199
2015,4,10,2,4 	1 1 5247.95 292.0 2840.6 3 173 10437.0 78.5 88.0 1095.97 0.0 52.8 11992.4 95 74 6 1 0 0 176 0 0 240.13 176
2015,3,31,2,4 	1 1 4589.95 195.0 2085.71 3 110 7927.5 50.5 56.5 827.26 0.0 33.9 9126.31 64 47 2 0 0 0 113 0 0 230.65 113
2015,4,14,2,4 	1 1 4729.38333333 294.0 2424.17 3 164 8800.0 68.0 83.5 980.03 0.0 50.1 10222.61 90 70 7 0 0 0 167 0 0 240.98 167
2015,5,11,2,4 	1 1 5421.73333333 254.0 2874.3 0 164 10971.0 59.5 81.5 1404.53 0.0 49.2 12841.96 103 58 2 1 0 0 164 0 0 276.23 164
2015,4,18,2,4 	1 1 3256.5 187.0 1718.16 1 109 6348.0 25.0 55.0 716.71 0.0 33.0 7335.77 68 38 3 1 0 0 110 0 0 158.06 110
2015,5,15,2,4 	1 1 6535.78333333 284.0 2906.55 2 172 11144.45 72.5 87.0 1230.64 0.0 52.2 12921.56 107 62 3 2 0 0 174 0 0 334.77 174
2015,12,28,2,4 	1 1 3141.48333333 190.0 1551.38 1 106 5821.5 41.5 53.5 522.22 0.0 32.1 6561.88 43 62 2 0 0 0 107 0 0 91.06 107
2015,12,24,2,4 	1 1 5228.63333333 230.0 2387.56 1 135 8954.75 58.0 68.0 867.05 0.0 40.8 10194.26 72 59 3 2 0 0 136 0 0 205.66 136
2015,4,25,2,4 	1 1 4061.58333333 224.0 2267.8 3 136 8280.0 37.5 69.5 647.43 0.0 41.7 9351.26 64 63 12 0 0 0 139 0 0 275.13 139
2015,12,20,2,4 	1 1 6003.0 217.0 1775.6 2 117 6408.5 28.0 59.0 620.43 0.0 35.7 7316.07 67 47 4 1 0 0 119 0 0 164.44 119
2015,10,11,2,4 	1 1 6171.15 269.0 2598.52 2 160 9563.0 29.5 81.0 794.41 0.0 48.6 10818.14 82 74 6 0 0 0 162 0 0 301.63 162
2015,7,31,2,4 	1 1 6285.05 287.0 2960.8 11 156 11209.5 67.0 83.5 1115.4 0.0 50.1 12868.98 92 72 3 0 0 0 167 0 0 343.48 167
2015,9,22,2,4 	1 1 4206.31666667 190.0 2203.74 4 125 8254.5 46.0 64.5 852.58 0.0 38.4 9607.25 66 59 2 2 0 0 129 0 0 351.27 129
2015,1,15,2,4 	1 1 4142.68333333 210.0 2013.76 3 127 7624.5 63.0 65.0 707.08 0.0 38.7 8654.1 74 51 4 1 0 0 130 0 0 155.82 130
2015,3,24,2,4 	1 1 4720.06666667 222.0 2396.14 4 142 9132.64 57.5 73.0 894.2 0.0 43.8 10453.77 76 61 6 3 0 0 146 0 0 252.63 146
2015,1,11,2,4 	1 1 3180.53333333 185.0 1977.04 1 113 7373.0 27.5 57.0 642.77 0.0 34.2 8336.1 58 52 3 1 0 0 114 0 0 201.63 114
2015,3,20,2,4 	1 1 4849.36666667 219.0 2270.7 1 142 8440.0 51.5 71.5 955.99 0.0 42.9 9809.89 78 59 5 1 0 0 143 0 0 248.0 143
2015,1,19,2,4 	1 1 4162.7 235.0 2346.43 2 143 8750.5 32.0 72.5 776.54 0.0 43.5 9881.97 80 60 4 1 0 0 145 0 0 206.93 145
2015,4,29,2,4 	1 1 5276.98333333 253.0 2463.55 0 147 9028.0 65.0 73.5 866.56 0.0 44.1 10317.0 80 60 6 1 0 0 147 0 0 239.84 147
2015,4,1,2,4 	1 1 4431.86666667 200.0 2053.4 1 127 7568.5 56.5 64.0 950.08 0.0 38.4 8882.53 88 38 0 2 0 0 128 0 0 205.05 128
2015,7,28,2,4 	1 1 5163.38333333 298.0 2646.06 2 158 9843.5 63.5 80.0 1245.85 0.0 47.7 11582.57 89 66 4 1 0 0 160 0 0 302.02 160
2015,4,5,2,4 	1 1 3436.91666667 210.0 1919.09 2 114 6990.0 28.5 58.0 638.27 0.0 34.5 7976.6 47 66 3 0 0 0 116 0 0 227.33 116
2015,4,9,2,4 	1 1 5120.08333333 289.0 2472.2 1 158 9065.0 80.0 79.5 923.67 0.0 47.7 10404.54 80 75 3 1 0 0 159 0 0 208.67 159
2015,7,20,2,4 	1 1 5803.18333333 260.0 2991.71 5 159 11481.85 69.5 82.0 1177.49 0.0 49.2 13195.87 90 74 0 0 0 0 164 0 0 335.83 164
2015,7,24,2,4 	1 1 6515.6 318.0 3099.06 2 187 11633.14 79.5 94.5 1276.39 0.0 56.7 13385.75 111 66 10 2 0 0 189 0 0 245.52 189
2015,8,5,2,4 	1 1 5617.76666667 287.0 2977.92 3 168 10891.0 65.5 85.5 1120.29 0.0 51.3 12482.7 91 78 2 0 0 0 171 0 0 269.11 171
2015,10,8,2,4 	1 1 6386.9 305.0 2899.05 5 178 10678.0 75.0 91.0 1385.68 0.0 54.9 12552.99 106 68 8 1 0 0 183 0 0 268.41 183
2015,3,13,2,4 	1 1 8048.05 270.0 2740.67 2 160 10390.5 74.0 81.0 1300.24 0.0 48.6 12185.11 105 54 3 0 0 0 162 0 0 290.77 162
2015,7,2,2,4 	1 1 6425.8 245.0 2568.76 2 154 10030.3 59.0 78.0 1076.21 0.0 46.8 11532.66 87 66 3 0 0 0 156 0 0 242.35 156
2015,10,4,2,4 	1 1 7844.49999999 271.0 2580.83 0 148 9426.0 27.5 74.0 881.79 0.0 44.4 10778.05 77 67 3 1 0 0 148 0 0 325.16 148
2015,3,17,2,4 	1 1 5572.06666667 230.0 2205.64 0 134 8133.0 58.5 66.5 855.12 0.0 40.2 9313.75 77 54 3 0 0 0 134 0 0 160.43 134
2015,8,1,2,4 	1 1 4682.51666667 236.0 2542.31 1 137 9372.5 33.5 69.0 702.83 0.0 41.4 10457.46 56 74 5 3 0 0 138 0 0 238.23 138
2015,9,8,2,4 	1 1 5632.98333333 243.0 2610.85 3 149 10731.0 66.5 76.0 993.39 0.0 45.6 12214.71 84 63 3 2 0 0 152 0 0 302.22 152
2015,9,26,2,4 	1 1 4412.38333333 240.0 2508.75 2 134 9045.0 32.0 68.0 908.3 0.0 40.8 10407.63 71 62 3 0 0 0 136 0 0 313.53 136
2015,7,17,2,4 	1 1 6536.7 301.0 3012.34 0 172 11553.5 70.5 86.0 1221.22 0.0 51.6 13286.08 102 69 1 0 0 0 172 0 0 303.26 172
2015,7,13,2,4 	1 1 6052.95 278.0 3317.66 3 181 12689.5 75.0 92.0 1346.82 0.0 55.2 14612.93 102 73 7 2 0 0 184 0 0 354.41 184
2015,5,22,2,5 	1 1 24257.55 1865.0 9002.76 25 1360 78078.93 0.5 194.0 9132.99 0.0 401.4 92347.33 1042 253 71 19 0 0 1385 0 0 4539.51 1385
2015,5,26,2,5 	1 1 20151.8166667 1434.0 7611.4 18 1057 64328.35 2.5 135.5 7693.86 0.0 307.5 76363.67 817 203 47 8 0 0 1075 0 0 3895.96 1075
2015,11,7,2,5 	1 1 24078.35 1782.0 7008.04 10 1306 66517.57 0.5 189.0 7612.29 0.0 381.9 78425.97 958 264 77 17 0 0 1316 0 0 3724.71 1316
2015,11,3,2,5 	1 1 14786.6666667 1291.0 6685.02 24 986 60979.81 0.0 149.0 6853.31 0.0 295.2 72054.91 780 170 53 7 0 0 1010 0 0 3778.39 1010
2015,3,6,2,5 	1 1 25110.45 1893.0 10176.06 24 1483 94372.86 0.0 183.5 11711.73 0.0 436.5 111786.46 1202 221 66 18 0 0 1507 0 0 5086.67 1507
2015,6,23,2,5 	1 1 21324.5666667 1444.0 8038.9 23 1096 68071.43 0.5 144.0 8606.62 0.0 326.4 81209.76 872 178 53 16 0 0 1119 0 0 4060.81 1119
2015,3,2,2,5 	1 1 24064.8833333 1603.0 11082.83 17 1291 88412.78 0.0 149.0 10556.55 0.0 377.4 104491.21 1022 227 42 17 0 0 1308 0 0 4997.28 1308
2015,6,27,2,5 	1 1 30539.7166667 2041.0 9046.0 17 1392 76427.35 0.0 195.5 9249.38 0.0 412.8 90458.27 1077 261 54 17 0 0 1409 0 0 4173.24 1409
2015,11,16,2,5 	1 1 22995.9333333 1345.0 8065.28 20 1015 72442.53 1.5 145.0 8604.89 0.0 296.7 85221.74 822 143 63 7 0 0 1035 0 0 3738.41 1035
2015,11,12,2,5 	1 1 25125.5666667 1723.0 8657.59 27 1284 80545.6 1.5 177.0 10043.1 0.0 384.0 95531.15 1027 199 69 16 0 0 1311 0 0 4379.95 1311
2015,1,26,2,5 	1 1 10094.5666667 947.0 4104.05 9 726 42844.04 1.0 82.0 4890.03 0.0 211.8 49687.7 564 128 34 9 0 0 735 0 0 1660.03 735
2015,1,22,2,5 	1 1 16317.7 1534.0 7845.27 32 1219 72164.94 0.5 153.0 8201.95 0.0 361.5 84789.06 990 188 56 17 0 0 1251 0 0 3910.17 1251
2015,2,27,2,5 	1 1 23711.55 1833.0 9848.27 24 1462 82625.35 2.5 181.5 9515.79 0.0 427.2 97315.65 1160 231 79 16 0 0 1486 0 0 4569.91 1486
2015,2,23,2,5 	1 1 22250.4833333 1631.0 8628.76 17 1275 77528.75 2.0 157.5 9218.81 0.0 373.5 91944.01 1032 193 50 17 0 0 1292 0 0 4666.45 1292
2015,6,30,2,5 	1 1 20803.0666667 1452.0 6478.17 14 1058 60453.95 0.0 139.0 8000.45 0.0 311.7 72615.93 798 202 62 10 0 0 1072 0 0 3711.63 1072
2015,3,28,2,5 	1 1 18684.1166667 2021.0 7455.55 14 1438 74465.96 1.0 202.5 7760.85 0.0 421.8 86682.93 1082 289 61 20 0 0 1452 0 0 3835.62 1452
2015,2,7,2,5 	1 1 15853.7666667 1662.0 -40089399.37 16 1252 62650.83 0.0 171.5 6994.46 0.0 366.3 73507.07 985 219 48 16 0 0 1268 0 0 3328.78 1268
2015,2,3,2,5 	1 1 19251.9333333 1678.0 8631.18 64 1321 85672.61 1.0 142.0 10174.58 0.0 396.0 100998.43 1070 241 59 15 0 0 1385 0 0 4616.44 1385
2015,12,6,2,5 	1 1 26007.0666667 2107.0 9505.8 25 1461 88217.68 0.5 211.0 9240.72 0.0 429.6 102929.17 1092 297 78 19 0 0 1486 0 0 4829.67 1486
2015,12,2,2,5 	1 1 24053.5 1534.0 8248.95 24 1184 74075.93 0.0 162.0 10587.65 0.0 353.7 89256.34 979 172 42 15 0 0 1208 0 0 4077.06 1208
2015,12,17,2,5 	1 1 40871.2833333 2097.0 11972.72 31 1647 106715.65 1.0 259.0 13656.29 0.0 489.3 127542.26 1319 258 80 21 0 0 1678 0 0 6432.32 1678
2015,10,26,2,5 	1 1 15162.0333333 1298.0 6159.87 8 996 60607.26 1.0 137.0 7167.77 0.0 292.5 71425.17 766 173 46 19 0 0 1004 0 0 3220.44 1004
2015,12,13,2,5 	1 1 21500.35 2071.0 8356.6 21 1459 76805.39 0.5 198.0 8512.44 0.0 424.8 90371.23 1083 299 79 19 0 0 1480 0 0 4430.1 1480
2015,10,22,2,5 	1 1 25682.5166667 1649.0 8599.7 24 1258 78144.75 2.0 195.5 9542.07 0.0 373.8 92616.82 1005 206 53 18 0 0 1282 0 0 4358.7 1282
2015,6,3,2,5 	1 1 20746.3 1486.0 8059.88 22 1181 69859.78 2.5 158.0 9348.74 0.0 350.1 83859.52 963 184 50 6 0 0 1203 0 0 4140.4 1203
2015,6,7,2,5 	1 1 28213.8666667 2289.0 10343.95 15 1545 95445.42 0.0 217.0 10489.02 0.0 452.1 111217.24 1174 298 72 16 0 0 1560 0 0 4613.7 1560
2015,8,18,2,5 	1 1 6091.91666667 681.0 2890.43 10 479 30817.1 0.0 61.0 3026.95 0.0 140.7 35391.84 360 94 24 11 0 0 489 0 0 1346.09 489
2015,7,6,2,5 	1 1 16698.4166667 1300.0 7192.82 16 937 60002.93 0.0 125.5 6325.12 0.0 277.2 69921.51 713 184 41 15 0 0 953 0 0 3190.76 953
2015,9,19,2,5 	1 1 22174.0 1886.0 8418.04 19 1360 76072.33 0.0 200.0 8708.06 0.0 397.2 89510.51 1001 299 64 15 0 0 1379 0 0 4132.92 1379
2015,9,15,2,5 	1 1 22077.3166667 1500.0 8735.81 26 1105 69135.16 0.0 138.0 7972.49 0.0 330.0 81506.12 860 204 59 8 0 0 1131 0 0 3930.47 1131
2015,9,11,2,5 	1 1 26415.1333333 1815.0 8693.57 33 1372 81588.92 2.5 196.0 9468.45 0.0 405.0 95863.35 1040 262 79 24 0 0 1405 0 0 4202.48 1405
2015,10,19,2,5 	1 1 21901.9666667 1465.0 8168.52 21 1113 73497.01 0.0 153.5 8454.5 0.0 328.8 85990.02 838 217 62 17 0 0 1134 0 0 3556.21 1134
2015,8,29,2,5 	1 1 19851.2166667 1946.0 7455.94 22 1268 69831.98 0.0 177.5 7111.06 0.0 369.6 81119.01 905 295 64 26 0 0 1290 0 0 3628.87 1290
2015,1,8,2,5 	1 1 18314.2 1601.0 7496.15 22 1253 72605.83 1.5 144.0 8043.63 0.0 366.0 85115.73 996 209 52 18 0 0 1275 0 0 3959.57 1275
2015,6,16,2,5 	1 1 23927.1 1576.0 8809.91 22 1205 79740.39 0.0 157.0 9965.51 0.0 358.5 94636.77 965 207 45 10 0 0 1227 0 0 4415.37 1227
2015,1,4,2,5 	1 1 16334.15 1605.0 6917.12 32 1076 65660.64 0.5 124.5 6970.14 0.0 166.5 76161.7 835 213 51 9 0 0 1108 0 0 3086.02 1108
2015,8,21,2,5 	1 1 23244.0333333 1390.0 7992.65 17 968 65204.03 0.0 119.5 7443.35 0.0 284.7 77809.11 723 193 56 13 0 0 985 0 0 4757.53 985
2015,10,15,2,5 	1 1 25644.0333333 1663.0 7722.4 24 1289 74009.01 3.5 178.5 9594.48 0.0 381.9 88080.14 1010 225 64 14 0 0 1313 0 0 3912.75 1313
2015,8,25,2,5 	1 1 15517.75 1310.0 7163.97 29 953 58628.2 1.0 139.5 7408.6 0.0 283.5 69866.49 752 177 40 13 0 0 982 0 0 3405.69 982
2015,11,27,2,5 	1 1 9282.81666667 848.0 3134.21 8 524 26872.62 0.0 72.5 2807.79 0.0 154.2 31407.34 379 121 25 7 0 0 532 0 0 1500.23 532
2015,11,23,2,5 	1 1 11161.7833333 1084.0 4875.75 14 822 46977.97 0.0 107.0 5013.66 0.0 238.8 54892.22 628 158 39 11 0 0 836 0 0 2554.79 836
2015,4,21,2,5 	1 1 18704.2333333 1539.0 8079.06 16 1212 78292.48 1998.71 153.5 9981.0 0.0 353.1 96269.11 972 198 45 13 0 0 1228 0 0 5491.82 1228
2015,2,16,2,5 	1 1 22430.1666667 1857.0 8128.16 25 1403 82016.77 0.0 179.0 9647.72 0.0 414.6 96385.34 1097 239 74 18 0 0 1428 0 0 4132.95 1428
2015,2,12,2,5 	1 1 19035.1666667 1799.0 8310.57 24 1428 77703.08 902.0 159.5 10067.55 0.0 417.9 93944.19 1148 220 62 22 0 0 1452 0 0 4697.76 1452
2015,5,8,2,5 	1 1 25446.3333333 1899.0 9390.98 13 1448 82382.51 0.0 189.5 9861.15 0.0 426.6 97657.95 1138 230 83 10 0 0 1461 0 0 4798.19 1461
2015,12,31,2,5 	1 1 17779.4833333 1463.0 6042.18 28 942 54443.34 0.0 144.0 5529.3 0.0 280.5 63369.94 673 208 68 21 0 0 970 0 0 2972.8 970
2015,5,4,2,5 	1 1 19395.2 1630.0 8869.52 30 1214 74361.37 0.5 146.5 9315.09 0.0 358.5 88648.79 944 219 63 18 0 0 1244 0 0 4466.83 1244
2015,9,4,2,5 	1 1 18445.6833333 1649.0 7235.67 16 1159 70791.21 0.0 161.5 7050.16 0.0 341.1 81811.68 863 240 51 21 0 0 1175 0 0 3467.71 1175
2015,11,30,2,5 	1 1 22182.95 1257.0 7122.8 21 948 63836.59 1.5 133.5 7827.25 0.0 284.7 75043.16 757 163 42 7 0 0 969 0 0 2959.62 969
2015,6,12,2,5 	1 1 24904.0833333 1753.0 8499.18 24 1334 76203.97 1.5 170.0 8962.25 0.0 393.0 89846.18 1024 242 78 14 0 0 1358 0 0 4116.26 1358
2015,5,19,2,5 	1 1 22562.9 1707.0 9781.35 24 1295 78375.09 0.0 159.0 9518.97 0.0 380.4 92941.04 1011 234 61 13 0 0 1319 0 0 4507.58 1319
2015,4,10,2,5 	1 1 22686.5333333 1632.0 8779.63 30 1219 72987.71 0.0 159.5 8095.27 0.0 362.4 85572.62 936 246 55 12 0 0 1249 0 0 3970.44 1249
2015,3,31,2,5 	1 1 20784.8 1492.0 7441.6 19 1147 68343.46 0.5 120.0 7462.31 0.0 332.7 80540.56 893 206 54 13 0 0 1166 0 0 4284.29 1166
2015,4,14,2,5 	1 1 4060845.85 1417.0 7265.43 18 1144 67363.41 0.5 141.5 8137.88 0.0 333.6 80028.01 922 167 58 15 0 0 1162 0 0 4051.72 1162
2015,5,11,2,5 	1 1 21561.1333333 1485.0 9215.35 22 1149 77038.91 1.5 155.5 8828.65 0.0 341.1 90955.33 902 201 55 13 0 0 1171 0 0 4589.67 1171
2015,4,18,2,5 	1 1 22941.6833333 1977.0 7758.6 24 1421 74794.27 1.0 175.5 8275.85 0.0 418.8 87999.66 1108 269 58 10 0 0 1445 0 0 4335.44 1445
2015,5,15,2,5 	1 1 31845.65 2081.0 10247.1 37 1548 94099.72 1.5 216.0 11716.72 0.0 461.4 111902.16 1219 268 80 18 0 0 1585 0 0 5406.82 1585
2015,12,28,2,5 	1 1 13559.2833333 1098.0 3985.15 11 718 43059.64 0.5 97.0 4492.04 0.0 210.9 49973.2 519 164 36 10 0 0 729 0 0 2113.42 729
2015,12,24,2,5 	1 1 12783.8666667 1246.0 5571.4 9 850 49438.1 0.0 118.5 4692.4 0.0 245.7 56864.55 591 210 44 14 0 0 859 0 0 2369.85 859
2015,4,25,2,5 	1 1 20692.3166667 2043.0 8176.95 23 1445 80463.05 0.5 196.0 8759.92 0.0 419.7 94196.48 1101 283 69 15 0 0 1468 0 0 4357.31 1468
2015,12,20,2,5 	1 1 22679.15 2242.0 7977.07 29 1453 80352.52 1.0 211.0 8959.38 0.0 427.5 94505.71 1060 300 99 23 0 0 1482 0 0 4554.31 1482
2015,10,11,2,5 	1 1 25232.1666667 2275.0 9722.65 34 1478 89557.12 0.0 203.0 9433.18 0.0 440.1 104350.01 1097 309 80 26 0 0 1512 0 0 4716.61 1512
2015,7,31,2,5 	1 1 26637.7 1826.0 8693.45 88 1228 80147.27 0.0 184.0 9229.35 0.0 384.0 94016.93 990 238 70 18 0 0 1316 0 0 4072.31 1316
2015,9,22,2,5 	1 1 15689.6 1367.0 6528.0 21 1032 63599.36 1.0 135.5 8461.25 0.0 304.5 75626.43 791 194 62 6 0 0 1053 0 0 3124.82 1053
2015,1,15,2,5 	1 1 22996.4 1709.0 8232.83 25 1363 76082.73 2.0 157.0 9113.72 0.0 397.8 90268.08 1075 205 75 33 0 0 1388 0 0 4517.23 1388
2015,3,24,2,5 	1 1 24228.1666667 1367.0 7471.66 19 1095 68211.88 147.67 143.5 7325.18 0.0 314.4 79716.96 874 185 45 10 0 0 1114 0 0 3600.76 1114
2015,1,11,2,5 	1 1 17104.8166667 1793.0 7196.02 15 1307 70917.09 2.0 172.5 8549.85 0.0 386.4 83421.75 1013 230 59 20 0 0 1322 0 0 3400.51 1322
2015,3,20,2,5 	1 1 23551.1166667 1842.0 8295.74 24 1408 80609.46 1.5 163.0 10413.9 0.0 415.2 96407.9 1123 231 61 17 0 0 1432 0 0 4807.84 1432
2015,1,19,2,5 	1 1 13666.0166667 1260.0 6068.24 17 986 57428.43 0.5 131.5 6299.91 0.0 290.7 67251.48 779 158 53 13 0 0 1003 0 0 3105.24 1003
2015,4,29,2,5 	1 1 22491.4666667 1697.0 8116.21 19 1314 82757.07 147.17 160.5 9893.16 0.0 384.6 97530.02 1077 196 47 13 0 0 1333 0 0 4188.32 1333
2015,4,1,2,5 	1 1 23128.4166667 1525.0 59024148.27 24 1170 72521.58 513.13 157.5 7638.11 0.0 341.7 86600.86 944 205 38 7 0 0 1194 0 0 5432.44 1194
2015,7,28,2,5 	1 1 18985.4 1425.0 7109.07 9 1059 63201.97 1.0 143.5 7890.8 0.0 311.4 75214.24 821 189 50 8 0 0 1068 0 0 3665.57 1068
2015,4,5,2,5 	1 1 17486.7166667 1735.0 7135.09 11 1173 62718.34 0.0 170.0 6702.25 0.0 346.5 73247.12 902 215 52 15 0 0 1184 0 0 3326.28 1184
2015,4,9,2,5 	1 1 23547.85 1579.0 7983.65 23 1224 74483.42 1.5 165.5 9475.22 0.0 360.0 88833.68 1012 183 46 6 0 0 1247 0 0 4350.14 1247
2015,7,20,2,5 	1 1 21729.5 1507.0 8404.51 25 1068 68655.05 0.0 144.5 8451.46 0.0 314.4 81380.21 813 202 59 19 0 0 1093 0 0 3814.82 1093
2015,7,24,2,5 	1 1 22863.0333333 1848.0 8288.66 26 1316 80328.22 1.0 190.5 9091.61 0.0 393.0 95075.08 1059 225 49 9 0 0 1342 0 0 5070.75 1342
2015,8,5,2,5 	1 1 19385.7 1583.0 8050.25 23 1134 71177.58 0.45 155.0 8395.1 0.0 336.3 84074.05 862 214 68 13 0 0 1157 0 0 4009.62 1157
2015,10,8,2,5 	1 1 27628.8 1776.0 8721.25 32 1326 78544.78 2.0 173.0 9952.13 0.0 394.8 93824.07 1014 255 72 17 0 0 1358 0 0 4757.36 1358
2015,3,13,2,5 	1 1 23812.1833333 1914.0 8596.63 32 1506 85617.22 1.0 195.5 10484.73 0.0 442.2 100944.91 1214 248 65 11 0 0 1538 0 0 4206.06 1538
2015,7,2,2,5 	1 1 22721.0166667 1506.0 7286.43 21 1078 62202.2 1.5 143.5 7664.14 0.0 318.0 74006.58 821 210 47 21 0 0 1099 0 0 3677.24 1099
2015,10,4,2,5 	1 1 19600.6666667 1785.0 7800.18 37 1224 73904.13 0.0 165.5 8549.67 0.0 366.3 86367.55 950 241 45 25 0 0 1261 0 0 3381.95 1261
2015,3,17,2,5 	1 1 23833.4666667 1562.0 7671.6 21 1268 75323.58 1.0 157.5 8659.94 0.0 371.1 88742.82 1009 211 47 22 0 0 1289 0 0 4235.1 1289
2015,8,1,2,5 	1 1 20765.6 2067.0 8010.53 17 1344 75388.58 0.0 201.0 8019.0 0.0 390.9 87945.04 977 306 59 19 0 0 1361 0 0 3945.56 1361
2015,9,8,2,5 	1 1 19574.0 1348.0 7073.01 14 1011 67426.1 0.0 137.5 7722.84 0.0 297.9 78989.87 784 181 52 8 0 0 1025 0 0 3405.53 1025
2015,9,26,2,5 	1 1 19849.5833333 1953.0 7874.09 26 1305 72593.52 0.5 182.0 7381.29 0.0 388.5 84800.88 970 278 67 16 0 0 1331 0 0 4255.07 1331
2015,7,17,2,5 	1 1 24840.95 1811.0 8293.0 22 1288 76168.15 0.0 173.5 9149.39 0.0 378.3 90377.5 1001 222 71 16 0 0 1310 0 0 4508.16 1310
2015,7,13,2,5 	1 1 20567.6833333 1402.0 7739.96 17 998 68963.61 0.0 134.5 7655.82 0.0 294.9 80480.56 785 179 42 9 0 0 1015 0 0 3434.13 1015
2015,11,27,2,6 	1 1 2.5 4.0 0.0 0 4 5.0 0.0 1.0 0.0 0.0 0.6 6.6 0 3 1 0 0 0 4 0 0 0.0 4
2015,7,2,2,6 	1 0 37.3 3.0 7.5 0 3 7.5 0.0 1.5 24.0 0.0 0.9 33.9 1 0 1 1 0 0 3 0 0 0.0 3
2015,11,23,2,6 	1 0 49.9166666667 6.0 13.4 0 5 12.5 0.0 2.5 0.0 0.0 1.5 22.04 0 3 2 0 0 0 5 0 0 5.54 5
2015,4,29,2,6 	1 0 8.2 10.0 0.7 0 10 32.0 0.0 5.0 0.0 0.0 3.0 40.0 0 6 4 0 0 0 10 0 0 0.0 10
2015,9,4,2,6 	1 1 9.65 4.0 3.32 0 4 15.0 0.0 2.0 0.0 0.0 1.2 18.2 0 3 1 0 0 0 4 0 0 0.0 4
2015,12,6,2,6 	1 1 3.98333333333 5.0 4.9 1 4 20.5 0.0 2.5 1.58 0.0 1.5 26.08 1 3 1 0 0 0 5 0 0 0.0 5
2015,9,8,2,6 	1 0 0.15 1.0 0.0 0 1 2.5 0.0 0.5 0.0 0.0 0.3 3.3 0 1 0 0 0 0 1 0 0 0.0 1
2015,12,2,2,6 	1 0 0.25 3.0 11.7 0 3 5.0 0.0 1.0 0.0 0.0 0.6 6.6 0 1 1 1 0 0 3 0 0 0.0 3
2015,5,4,2,6 	1 0 0.516666666667 2.0 0.0 0 2 2.5 0.0 0.5 0.0 0.0 0.3 3.3 0 0 2 0 0 0 2 0 0 0.0 2
2015,1,15,2,6 	1 0 5.23333333334 8.0 0.7 0 5 14.5 0.0 2.5 0.0 0.0 1.5 18.5 0 4 1 0 0 0 5 0 0 0.0 5
2015,9,15,2,6 	1 0 0.383333333333 3.0 0.0 0 3 8.5 0.0 1.5 0.0 0.0 0.9 10.9 0 1 2 0 0 0 3 0 0 0.0 3
2015,3,24,2,6 	1 0 2.68333333333 10.0 0.1 0 7 18.5 0.0 3.5 3.0 0.0 2.1 27.1 1 3 3 0 0 0 7 0 0 0.0 7
2015,1,11,2,6 	1 0 0.550000000001 5.0 0.0 0 5 15.5 0.0 2.5 0.0 0.0 1.5 19.5 0 3 2 0 0 0 5 0 0 0.0 5
2015,3,20,2,6 	1 0 0.55 6.0 1.5 0 6 15.0 0.0 3.0 0.0 0.0 1.8 19.8 0 1 4 1 0 0 6 0 0 0.0 6
2015,9,22,2,6 	1 0 0.166666666667 1.0 0.0 0 1 2.5 0.0 0.5 0.0 0.0 0.3 3.3 0 1 0 0 0 0 1 0 0 0.0 1
2015,11,7,2,6 	1 1 5.43333333334 5.0 4.34 0 5 13.5 0.0 2.5 0.8 0.0 1.5 18.3 1 2 2 0 0 0 5 0 0 0.0 5
2015,8,1,2,6 	1 0 2.1 4.0 0.3 0 4 10.0 0.0 2.0 0.0 0.0 1.2 13.2 0 2 2 0 0 0 4 0 0 0.0 4
2015,2,16,2,6 	1 0 0.65 3.0 0.0 0 3 11.5 0.0 1.5 0.0 0.0 0.9 13.9 0 1 2 0 0 0 3 0 0 0.0 3
2015,1,19,2,6 	1 0 22.1166666666 6.0 4.4 1 5 667.85 0.0 3.0 0.0 0.0 1.8 672.65 0 3 1 2 0 0 6 0 0 0.0 6
2015,2,12,2,6 	1 1 26.15 6.0 1.2 0 6 23.5 0.5 3.0 0.0 0.0 1.8 28.8 1 2 3 0 0 0 6 0 0 0.0 6
2015,10,4,2,6 	1 0 109.616666667 1.0 6.8 0 1 2.5 0.0 0.5 0.0 0.0 0.3 3.32 0 0 1 0 0 0 1 0 0 0.02 1
2015,5,8,2,6 	1 0 0.216666666667 3.0 0.0 0 2 2.5 0.0 0.5 0.0 0.0 0.6 3.6 0 1 1 0 0 0 2 0 0 0.0 2
2015,7,28,2,6 	1 0 0.616666666667 4.0 17.2 1 3 10.0 0.0 2.0 5.0 0.0 1.2 18.2 1 2 0 1 0 0 4 0 0 0.0 4
2015,8,29,2,6 	1 1 0.75 4.0 17.7 0 4 12.0 0.0 2.0 24.0 0.0 1.2 39.2 1 2 0 1 0 0 4 0 0 0.0 4
2015,4,1,2,6 	1 0 54.5666666667 7.0 32.7 1 6 38.3 1.0 3.5 0.0 0.0 2.1 44.9 0 3 4 0 0 0 7 0 0 0.0 7
2015,11,3,2,6 	1 0 98.45 3.0 13.2 0 2 5.0 0.0 1.0 0.0 0.0 0.6 6.6 0 0 1 1 0 0 2 0 0 0.0 2
2015,6,23,2,6 	1 1 0.45 2.0 0.0 0 2 5.0 0.0 1.0 0.0 0.0 0.6 6.6 0 2 0 0 0 0 2 0 0 0.0 2
2015,4,21,2,6 	1 0 0.85 4.0 14.0 1 3 15.0 0.0 2.0 0.0 0.0 1.2 18.2 0 4 0 0 0 0 4 0 0 0.0 4
2015,8,21,2,6 	1 0 0.35 3.0 0.0 0 2 5.0 0.0 1.0 92.0 0.0 0.6 98.6 1 1 0 0 0 0 2 0 0 0.0 2
2015,3,2,2,6 	1 0 0.7 9.0 2.5 0 9 28.5 0.0 4.5 0.0 0.0 2.7 35.7 0 2 6 1 0 0 9 0 0 0.0 9
2015,6,27,2,6 	1 1 4.03333333333 12.0 8.0 0 9 33.5 0.0 4.5 6.85 0.0 2.7 53.55 2 4 2 1 0 0 9 0 0 6.0 9
2015,12,17,2,6 	1 0 5.36666666666 3.0 0.8 0 3 10.5 0.0 1.5 0.0 0.0 0.9 12.9 0 1 2 0 0 0 3 0 0 0.0 3
2015,5,22,2,6 	1 0 154.183333334 5.0 16.0 0 4 58.0 0.0 2.0 0.0 0.0 1.2 81.2 0 3 0 1 0 0 4 0 0 20.0 4
2015,10,26,2,6 	1 0 0.05 1.0 4.8 0 1 2.5 0.0 0.5 0.0 0.0 0.3 3.3 0 0 1 0 0 0 1 0 0 0.0 1
2015,12,13,2,6 	1 1 1.15 4.0 3.71 0 4 19.0 0.0 2.0 0.0 0.0 1.2 22.2 0 2 2 0 0 0 4 0 0 0.0 4
2015,10,22,2,6 	1 0 11.1333333333 5.0 1.3 0 3 10.5 0.0 1.5 0.0 0.0 0.9 12.9 1 0 1 1 0 0 3 0 0 0.0 3
2015,11,16,2,6 	1 1 0.933333333333 6.0 1.3 0 6 5.0 0.0 1.0 0.0 0.0 0.6 6.6 0 2 4 0 0 0 6 0 0 0.0 6
2015,5,26,2,6 	1 0 4.9 4.0 0.7 0 4 11.0 0.0 2.0 0.0 0.0 1.2 14.2 0 4 0 0 0 0 4 0 0 0.0 4
2015,11,12,2,6 	1 0 5.51666666667 5.0 0.5 0 4 7720.99 0.0 2.0 8.7 0.0 1.2 7732.89 1 2 1 0 0 0 4 0 0 0.0 4
2015,7,24,2,6 	1 0 0.65 2.0 0.0 0 2 5.0 0.0 1.0 0.0 0.0 0.6 6.6 0 0 2 0 0 0 2 0 0 0.0 2
2015,4,5,2,6 	1 0 4.11666666666 5.0 6.1 0 2 6.0 0.0 1.0 0.0 0.0 0.6 7.6 0 0 2 0 0 0 2 0 0 0.0 2
2015,6,7,2,6 	1 0 55.3833333333 5.0 0.0 0 5 72.0 0.0 2.5 0.1 0.0 1.5 76.1 1 1 3 0 0 0 5 0 0 0.0 5
2015,4,25,2,6 	1 0 39.9166666667 8.0 24.9 0 7 22.0 0.5 3.5 0.0 0.0 2.1 28.1 0 6 0 1 0 0 7 0 0 0.0 7
2015,11,30,2,6 	1 0 0.25 2.0 0.1 0 2 5.0 0.0 1.0 0.0 0.0 0.6 6.6 0 2 0 0 0 0 2 0 0 0.0 2
2015,10,8,2,6 	1 1 86.0333333333 10.0 16.5 0 9 27.5 0.5 4.5 0.0 0.0 2.7 35.2 0 6 3 0 0 0 9 0 0 0.0 9
2015,3,13,2,6 	1 0 4.76666666667 5.0 3.6 0 4 13.0 0.0 2.0 0.0 0.0 1.2 16.2 0 2 2 0 0 0 4 0 0 0.0 4
2015,6,3,2,6 	1 0 3.6 3.0 0.2 0 3 7.5 0.0 1.5 0.0 0.0 0.9 9.9 0 1 2 0 0 0 3 0 0 0.0 3
2015,1,26,2,6 	1 0 0.25 2.0 0.1 0 2 5.0 0.0 1.0 0.0 0.0 0.6 6.6 0 0 1 1 0 0 2 0 0 0.0 2
2015,3,17,2,6 	1 0 0.233333333333 1.0 0.1 0 1 2.5 0.0 0.5 0.0 0.0 0.3 3.3 0 0 0 1 0 0 1 0 0 0.0 1
2015,3,6,2,6 	1 0 0.4 7.0 5.2 0 7 26.5 0.0 3.5 0.0 0.0 2.1 32.1 0 3 4 0 0 0 7 0 0 0.0 7
2015,1,22,2,6 	1 0 0.383333333333 3.0 0.0 0 3 10.5 0.0 1.5 0.0 0.0 0.9 12.9 0 1 2 0 0 0 3 0 0 0.0 3
2015,7,6,2,6 	1 0 6.21666666667 4.0 0.9 0 4 13.0 0.0 2.0 3.2 0.0 1.2 19.4 2 2 0 0 0 0 4 0 0 0.0 4
2015,5,19,2,6 	1 1 92.0 5.0 14.01 0 5 32.8 1.0 2.0 2.0 0.0 1.5 39.3 1 1 3 0 0 0 5 0 0 0.0 5
2015,6,16,2,6 	1 0 1.5 4.0 0.0 0 4 10.0 0.0 2.0 49.0 0.0 1.2 62.2 1 0 3 0 0 0 4 0 0 0.0 4
2015,4,10,2,6 	1 0 10.2166666667 4.0 0.8 0 4 11.0 0.0 2.0 0.0 0.0 1.2 14.2 0 0 3 1 0 0 4 0 0 0.0 4
2015,3,31,2,6 	1 0 0.733333333333 2.0 0.0 0 2 6.0 0.0 1.0 0.0 0.0 0.6 7.6 0 2 0 0 0 0 2 0 0 0.0 2
2015,4,14,2,6 	1 1 36.4333333333 9.0 6.93 0 5 25.0 0.0 2.5 33.0 0.0 1.5 71.75 2 3 0 0 0 0 5 0 0 9.75 5
2015,4,9,2,6 	1 1 43.05 8.0 14.94 0 6 21.0 0.0 3.0 20.0 0.0 1.8 51.34 2 3 1 0 0 0 6 0 0 5.54 6
2015,5,11,2,6 	1 0 1.76666666667 6.0 0.1 0 6 17.0 0.0 3.0 0.0 0.0 1.8 21.8 0 4 2 0 0 0 6 0 0 0.0 6
2015,6,12,2,6 	1 0 15.6833333334 7.0 20.9 1 5 15.0 0.0 3.0 20.0 0.0 1.8 39.8 1 3 2 0 0 0 6 0 0 0.0 6
2015,4,18,2,6 	1 0 0.700000000001 5.0 0.0 0 5 12.5 0.0 2.5 0.0 0.0 1.5 16.5 0 2 1 2 0 0 5 0 0 0.0 5
2015,5,15,2,6 	1 0 89.9833333333 9.0 34.4 0 6 20.0 0.0 3.0 130.0 0.0 1.8 179.84 1 2 3 0 0 0 6 0 0 25.04 6
2015,7,20,2,6 	1 0 0.466666666667 4.0 8.8 0 4 13.0 0.0 2.0 0.0 0.0 1.2 16.2 0 2 2 0 0 0 4 0 0 0.0 4
2015,9,26,2,6 	1 0 64.7999999999 7.0 10.4 1 5 18.0 1.0 3.0 0.0 0.0 1.8 68.21 0 4 2 0 0 0 6 0 0 44.41 6
2015,10,19,2,6 	1 0 1.41666666667 6.0 0.0 0 5 18.5 0.0 2.5 0.0 0.0 1.5 22.5 0 0 3 2 0 0 5 0 0 0.0 5
2015,2,27,2,6 	1 0 6.88333333333 5.0 2.7 0 5 12.5 0.0 2.5 0.0 0.0 1.5 16.5 0 3 2 0 0 0 5 0 0 0.0 5
2015,9,11,2,6 	1 0 75.5333333334 8.0 8.5 0 8 31.3 0.0 3.5 2.82 0.0 2.4 51.1 1 4 3 0 0 0 8 0 0 11.08 8
2015,1,8,2,6 	1 0 66.9333333333 5.0 12.5 0 5 18.5 0.0 2.5 0.0 0.0 1.5 27.83 0 0 5 0 0 0 5 0 0 5.33 5
2015,2,23,2,6 	1 0 0.0666666666667 1.0 0.0 0 1 2.5 0.0 0.5 0.0 0.0 0.3 3.3 0 0 1 0 0 0 1 0 0 0.0 1
2015,9,19,2,6 	1 0 20.0666666666 7.0 4.8 1 6 34.0 0.0 3.0 0.0 0.0 2.1 39.1 1 2 2 2 0 0 7 0 0 0.0 7
2015,1,4,2,6 	1 0 2.05 5.0 24.9 0 5 12.5 0.0 2.5 0.0 0.0 0.0 16.5 0 5 0 0 0 0 5 0 0 0.0 5
2015,6,30,2,6 	1 0 2.13333333333 3.0 0.2 0 3 8.0 0.0 1.5 0.0 0.0 0.9 10.4 0 2 1 0 0 0 3 0 0 0.0 3
2015,12,24,2,6 	1 0 0.35 2.0 0.0 0 2 6.0 0.0 1.0 0.0 0.0 0.6 7.6 0 0 2 0 0 0 2 0 0 0.0 2
2015,7,31,2,6 	1 0 2.63333333334 7.0 0.0 0 6 1320.7 0.0 2.0 0.0 0.0 1.8 1324.5 0 5 1 0 0 0 6 0 0 0.0 6
2015,10,15,2,6 	1 0 32.85 9.0 4.1 0 9 33.0 1.0 4.5 1.0 0.0 2.7 42.2 1 4 4 0 0 0 9 0 0 0.0 9
2015,8,25,2,6 	1 0 1.23333333333 3.0 4.9 0 3 7.5 0.0 1.5 0.0 0.0 0.9 9.9 0 1 2 0 0 0 3 0 0 0.0 3
2015,12,20,2,6 	1 0 0.983333333333 4.0 0.0 0 4 10.0 0.0 2.0 0.0 0.0 1.2 13.2 0 1 3 0 0 0 4 0 0 0.0 4
2015,8,5,2,6 	1 0 1.81666666667 2.0 0.1 0 2 5.0 0.0 1.0 0.0 0.0 0.6 6.6 0 1 1 0 0 0 2 0 0 0.0 2
2015,8,18,2,6 	1 0 0.266666666667 1.0 0.0 0 1 2.5 0.0 0.5 0.0 0.0 0.3 3.3 0 1 0 0 0 0 1 0 0 0.0 1
2015,3,28,2,6 	1 0 6.91666666667 9.0 30.0 0 8 24.0 0.0 4.0 0.0 0.0 2.4 30.4 0 5 3 0 0 0 8 0 0 0.0 8
2015,10,11,2,6 	1 1 13.0833333333 6.0 1.3 0 5 12.5 0.0 2.5 0.0 0.0 1.5 16.5 0 2 2 1 0 0 5 0 0 0.0 5
2015,7,17,2,6 	1 0 0.95 4.0 4.1 1 3 11.0 0.0 2.0 0.0 0.0 1.2 14.2 0 0 4 0 0 0 4 0 0 0.0 4
2015,2,7,2,6 	1 1 0.75 5.0 0.0 0 4 11.0 0.0 2.0 64.0 0.0 1.2 78.2 1 2 1 0 0 0 4 0 0 0.0 4
2015,7,13,2,6 	1 0 2.31666666667 3.0 0.3 0 3 7.5 0.0 1.5 0.0 0.0 0.9 9.9 0 2 1 0 0 0 3 0 0 0.0 3
2015,2,3,2,6 	1 0 99.7833333333 8.0 13.2 1 7 20.0 1.0 4.0 0.0 0.0 2.4 27.4 0 4 3 1 0 0 8 0 0 0.0 8
