2015,5,21,2,1	1,1,6772501.15,722296.0,1149797.45,3314,430982,5407270.79,160162.97,217028.35,737543.73,0.0,130198.800001,6746877.38997,279110,153346,1377,463,0,0,434296,0,0,94615.94,434296
2015,5,25,2,1	1,1,3423126.15,502505.0,1520305.63,2036,286936,3346616.22,57102.0,144386.0,406656.85,0.0,86627.7000005,4112392.55999,165010,122634,976,352,0,0,288972,0,0,70950.41,288972
2015,5,29,2,1	1,1,6598293.46667,718987.0,1130500.82,3288,426667,5273516.8,164645.48,214841.88,691708.55,0.0,128906.100001,6559420.80997,269808,158238,1425,484,0,0,429955,0,0,85725.12,429955
2015,11,2,2,1	1,1,5152604.16667,549065.0,1198161.85,2688,333333,4097051.25,124091.0,167875.32,559125.49,0.0,100732.300001,5139999.49998,211114,123413,1120,374,0,0,336021,0,0,91131.58,336021
2015,10,25,2,1	1,1,5409167.86667,645679.0,1069008.27,2069,375002,4419885.06,75678.0,188369.5,566480.93,0.0,113041.800001,5446409.77998,231990,143335,1312,434,0,0,377071,0,0,82954.49,377071
2015,3,9,2,1	1,1,5367252.38333,625854.0,5956650.42,2993,378127,4479301.56,141030.54,190431.0,597651.73,0.0,114320.400001,5604318.83998,235752,143879,1141,348,0,0,381120,0,0,81548.37,381120
2015,3,5,2,1	1,1,6181680.06667,592575.0,8839383.35,3764,354171,3886976.86,129741.75,178845.32,534427.42,0.0,107362.200001,4874327.20998,227279,129007,1245,404,0,0,357935,0,0,36993.71,357935
2015,6,22,2,1	1,1,4997096.21667,602375.0,986027.71,2486,360105,4285950.16,136581.5,181183.5,571345.88,0.0,108699.300001,5370381.39998,223072,138049,1112,358,0,0,362591,0,0,86562.95,362591
2015,3,1,2,1	1,1,5116639.93333,643348.0,10803862.88,2421,372597,4302960.85,78486.0,187340.5,546858.04,0.0,112491.000001,5833645.42998,231155,142166,1317,380,0,0,375018,0,0,57091.21,375018
2015,6,26,2,1	1,1,6242001.51667,695734.0,1090031.68,2829,411063,5388470.67,158329.3,206801.3,664475.68,0.0,124076.700001,6624395.43997,260233,151889,1314,456,0,0,413892,0,0,82169.95,413892
2015,11,19,2,1	1,1,6791654.7,627033.0,985193.94,2763,381102,4879603.1,139018.0,191783.5,705291.28,0.0,115067.400001,6115147.83998,259971,122250,1267,377,0,0,383865,0,0,84385.66,383865
2015,9,21,2,1	1,1,2254864.15,569371.0,932682.32,2682,344753,4143567.31,131152.0,173580.5,560894.44,0.0,104152.200001,5196087.05998,218259,127725,1058,393,0,0,347435,0,0,82725.07,347435
2015,12,12,2,1	1,1,7406600.98333,743133.0,1091538.98,2255,427787,5280105.1,88231.0,214809.32,670132.42,0.0,128899.800001,6433573.72997,270263,157481,1685,613,0,0,430042,0,0,51396.89,430042
2015,11,15,2,1	1,1,5501368.96667,632253.0,1075651.05,2252,366166,4407412.7,75161.52,184063.0,581524.66,0.0,110435.700001,5441756.42998,234328,132294,1321,475,0,0,368418,0,0,83158.85,368418
2015,11,11,2,1	1,1,5827997.98333,590159.0,946731.53,2774,358599,4486334.52,60767.8,180553.5,641574.04,0.0,108326.510001,5565090.33998,242920,116974,1106,373,0,0,361373,0,0,87535.07,361373
2015,1,29,2,1	1,1,6170107.4,690607.0,1053579.24,3315,419810,4993443.8,159242.0,211380.5,692657.3,0.0,126893.700001,6255843.19997,277248,144374,1170,333,0,0,423125,0,0,72221.86,423125
2015,1,25,2,1	1,1,5303636.86667,676900.0,2643665.33,2572,394653,4380254.3,80671.71,198457.5,569974.29,0.0,119122.200001,5411614.63998,249303,146347,1183,392,0,0,397225,0,0,63149.41,397225
2015,1,21,2,1	1,1,5427649.9,690274.0,4893993.23,3396,419432,4656524.07,158118.63,211260.5,653783.91,0.0,126780.600001,5875041.86997,274857,146623,1032,316,0,0,422828,0,0,68594.21,422828
2015,2,26,2,1	1,1,6749903.15,752946.0,1175552.07,3604,457637,5408992.16,170000.2,230466.0,768985.47,0.0,138345.900001,6803598.67997,305762,153752,1333,394,0,0,461241,0,0,86796.36,461241
2015,2,22,2,1	1,1,4935317.15,663044.0,9585289.38,2653,385221,4435952.5,72893.5,193805.0,577290.87,0.0,116351.400001,5464766.43998,243891,142358,1222,403,0,0,387874,0,0,68477.62,387874
2015,6,6,2,1	1,1,6040828.03333,766717.0,12577425.27,2868,436711,5049400.14,94331.8,219634.0,609936.21,0.0,131772.600001,6155062.41997,260940,176588,1495,555,1,0,439579,0,0,49883.33,439579
2015,2,6,2,1	1,1,6765945.2,773312.0,17668249.43,4081,463336,5425014.26,176912.82,233547.5,739746.98,0.0,140180.100001,6791154.83997,303258,162285,1407,467,0,0,467417,0,0,75768.01,467417
2015,2,2,2,1	1,1,4290978.13333,544113.0,15738869.66,2094,326572,3552643.7,120656.38,164218.0,483544.32,0.0,98563.5000006,4471321.13998,206329,121147,882,308,0,0,328666,0,0,50626.28,328666
2015,12,9,2,1	1,1,6616894.63333,623160.0,1004069.84,2289,379039,4868661.45,140411.3,190474.5,711707.9,0.0,114299.400001,6118630.78998,256579,123134,1227,388,0,0,381328,0,0,93078.64,381328
2015,12,5,2,1	1,1,6983068.45,763725.0,24306910.25,2468,439018,5139290.95,91749.5,220539.0,649961.96,0.0,132343.200001,6283649.06997,273691,165673,1570,552,0,0,441486,0,0,49765.26,441486
2015,12,1,2,1	1,1,6097636.88333,593515.0,946617.12,2505,361846,4474656.1,129855.31,182121.87,634347.17,0.0,109229.700001,5612540.78998,241095,121699,1198,359,0,0,364351,0,0,82332.54,364351
2015,11,6,2,1	1,1,6672030.08333,676068.0,12869540.08,3146,404187,5009010.25,156957.2,203511.3,682245.34,0.0,122107.200001,6267365.92997,262868,142639,1382,444,0,0,407333,0,0,93535.44,407333
2015,12,16,2,1	1,1,6467966.11667,666702.0,1049915.69,2710,404749,4924712.24,151299.69,203557.11,723150.41,0.0,122135.700001,6214299.93998,275244,130496,1293,426,0,0,407459,0,0,89445.59,407459
2015,8,17,2,1	1,1,4443805.33333,545157.0,6951176.62,2031,325487,3832973.5,122887.2,163617.0,500362.73,0.0,98167.5000006,4792027.12998,199053,127142,977,346,0,0,327518,0,0,73966.29,327518
2015,10,21,2,1	1,1,6409581.91667,621344.0,987983.48,2952,375676,4748581.21,143812.29,189185.0,665853.23,0.0,113488.220001,5942575.12998,246570,130567,1115,376,0,0,378628,0,0,81669.16,378628
2015,10,7,2,1	1,1,6110140.78333,622467.0,999432.51,3428,376431,4678871.7,142811.38,189759.5,656613.79,0.0,113877.000001,5866763.67998,248113,130202,1122,422,0,0,379859,0,0,84832.71,379859
2015,6,2,2,1	1,1,6248225.45,672548.0,4662414.64,3156,406068,4976481.37,149572.5,204459.5,692591.24,0.0,122668.800001,6234640.11997,265760,141877,1154,433,0,0,409224,0,0,88152.41,409224
2015,10,29,2,1	1,1,6796005.13333,642692.0,1045139.6,3034,388926,5026007.83,145120.42,195840.93,703064.17,0.0,117498.300001,6284436.18997,259245,131003,1323,389,0,0,391960,0,0,96905.34,391960
2015,10,3,2,1	1,1,5738939.21667,698450.0,2676239.4,3330,399822,4428080.1,79344.5,201421.4,558059.81,0.0,120865.800001,5430785.82998,249058,152279,1342,473,0,0,403152,0,0,43014.52,403152
2015,9,18,2,1	1,1,6996518.95,693375.0,1103281.09,3314,412180,5196484.14,160745.5,207574.4,697300.6,0.0,124553.400001,6476234.86997,265128,148452,1359,555,0,0,415494,0,0,89541.15,415494
2015,9,14,2,1	1,1,3228332.83333,557735.0,24578313.71,2509,331753,3891100.76,127302.25,166989.5,519522.89,0.0,100197.900001,4881487.48998,207157,125650,1052,403,0,0,334262,0,0,76340.76,334262
2015,9,10,2,1	1,1,6973450.9,643040.0,6037789.81,3242,386877,5017379.8,140738.75,194890.0,686490.78,0.0,116943.000001,6235967.04997,254816,133579,1254,470,0,0,390119,0,0,79460.12,390119
2015,10,18,2,1	1,1,5689888.33333,662290.0,1084871.1,3362,383346,4571640.3,76541.5,193130.0,582836.13,0.0,115906.200001,5623650.87998,237933,146806,1491,478,0,0,386708,0,0,83603.09,386708
2015,6,11,2,1	1,1,6696496.56667,710636.0,2441072.91,3291,424805,5289003.18,158898.65,213905.5,728056.2,0.0,128326.800001,6607654.54997,275764,150556,1315,461,0,0,428096,0,0,89373.07,428096
2015,8,28,2,1	1,1,5126161.5,600278.0,958305.69,2285,353896,4252983.17,140639.6,177909.3,546141.44,0.0,106769.190001,5296200.67998,219047,135464,1206,464,0,0,356181,0,0,71668.63,356181
2015,6,15,2,1	1,1,5109205.58333,597702.0,961199.59,2476,359771,4276080.05,132853.0,180993.0,576618.16,0.0,108575.700001,5358490.07998,226796,133909,1142,400,0,0,362247,0,0,83313.75,362247
2015,10,10,2,1	1,1,6290133.65,734368.0,1105986.52,3728,417538,4948418.1,87713.41,210448.5,602104.81,0.0,126288.300001,6034277.63997,252924,166352,1483,507,0,0,421266,0,0,59300.96,421266
2015,6,19,2,1	1,1,6174634.5,713708.0,1148786.65,3214,421386,5099891.74,162992.5,212158.0,674740.97,0.0,127274.700001,6363458.60997,266053,156655,1425,467,0,0,424600,0,0,86338.02,424600
2015,1,7,2,1	1,1,5165190.26667,693408.0,997945.64,3916,417243,4481306.68,160499.7,210398.5,588237.98,0.0,125855.700001,5624203.13997,262520,157245,1050,344,0,0,421159,0,0,57884.72,421159
2015,10,14,2,1	1,1,2415887.01666,625945.0,1002745.72,3169,378868,4691090.15,143492.74,190842.5,659389.07,0.0,114517.200001,5884271.51998,250240,130144,1245,408,0,0,382037,0,0,84940.66,382037
2015,1,3,2,1	1,1,4779210.31667,704140.0,6641555.94,3425,393510,4203998.3,78965.1,198336.5,460254.28,0.0,62085.0000002,5104919.72997,212006,183474,1117,338,0,0,396935,0,0,44936.17,396935
2015,8,24,2,1	1,1,4019591.23333,508533.0,2963263.71,2035,304840,3570607.9,116539.87,153375.85,463793.95,0.0,91987.9000005,4469483.51998,185358,120212,946,359,0,0,306875,0,0,73097.82,306875
2015,3,27,2,1	1,1,6524959.36667,754686.0,1465485.74,3340,450729,5378878.22,175085.6,226885.68,727102.42,0.0,136198.800001,6737327.82997,290150,162032,1432,455,0,0,454069,0,0,93192.4,454069
2015,11,26,2,1	1,1,3250031.23333,412220.0,4866278.36,1196,234029,2672008.7,47785.5,117519.0,303358.01,0.0,70515.9000003,3245434.50999,125731,108265,928,301,0,0,235225,0,0,34249.0,235225
2015,11,22,2,1	1,1,5205505.85,625499.0,13000881.25,2117,363812,4178959.0,73093.0,182843.0,542091.97,0.0,109692.600001,5153488.06998,231577,132700,1228,424,0,0,365929,0,0,66809.3,365929
2015,2,19,2,1	1,1,6416351.65,769940.0,2843039.66,3954,463811,5340123.35,175339.6,233706.5,741219.5,0.0,140312.400001,6710894.15997,302836,163221,1272,435,1,0,467765,0,0,80225.18,467765
2015,2,15,2,1	1,1,5747598.21667,781891.0,2003975.3,3417,446965,4956029.51,91323.8,225040.5,606945.29,0.0,135093.600001,6064626.80997,269240,179334,1347,461,0,0,450382,0,0,50211.82,450382
2015,2,11,2,1	1,1,6210800.65,713801.0,8623621.03,3012,434644,5078234.5,160744.7,218657.0,726356.95,0.0,131278.800001,6391988.62997,290791,145301,1178,386,0,0,437656,0,0,76710.79,437656
2015,12,30,2,1	1,1,5113301.96667,536704.0,821096.01,1764,308527,3784748.77,124409.5,154983.5,446937.17,0.0,93001.2000005,4662482.03998,173382,135319,1164,425,1,0,310291,0,0,58403.5,310291
2015,5,3,2,1	1,1,5509871.41667,725266.0,9213808.18,2834,418443,5080333.03,89129.5,210477.0,623156.99,0.0,126279.900001,6221669.42997,252168,167094,1514,501,0,0,421277,0,0,92248.11,421277
2015,8,31,2,1	1,1,4078726.16667,515463.0,839495.14,2338,309559,3595361.72,116610.65,155803.5,471565.9,0.0,93497.7000005,4504600.38998,190266,120304,972,355,0,0,311897,0,0,71549.67,311897
2015,5,7,2,1	1,1,6762351.35,708695.0,1145274.97,3553,426501,5377938.6,160467.34,214909.0,743211.6,0.0,128924.400001,6726315.49997,277045,151234,1330,445,0,0,430054,0,0,100442.54,430054
2015,9,7,2,1	1,1,3373855.35,469222.0,832778.16,1909,269406,3187061.56,51233.5,135542.0,392461.65,0.0,81332.7000004,3922049.36999,157982,112036,891,406,0,0,271315,0,0,74389.66,271315
2015,9,3,2,1	1,1,5439923.73333,608378.0,1105060.6,2750,364701,4394390.16,138418.52,183563.38,589559.59,0.0,110148.300001,5497687.43998,231772,134043,1203,433,0,0,367451,0,0,81544.83,367451
2015,5,18,2,1	1,1,5543798.83333,643292.0,1043112.79,3071,387366,4673127.34,146191.87,195126.35,618042.58,0.0,117051.300001,5835632.86997,241881,146895,1221,440,0,0,390437,0,0,86042.35,390437
2015,3,30,2,1	1,1,5348378.98333,624604.0,7298053.66,2625,377621,4456977.5,140409.22,190074.8,595786.66,0.0,114057.300001,5584404.06998,236498,142280,1111,357,0,0,380246,0,0,83732.47,380246
2015,5,10,2,1	1,1,5238378.9,678292.0,1128601.76,2767,389859,4639112.8,77821.0,196179.0,567628.74,0.0,117703.500001,5681790.29997,232801,158003,1335,486,1,0,392626,0,0,82081.01,392626
2015,5,14,2,1	1,1,7134730.66667,709842.0,2630302.82,3165,423793,5554799.6,154661.8,213729.8,761550.52,0.0,127991.700001,6918052.14997,275951,149224,1303,480,0,0,426958,0,0,105233.7,426958
2015,9,25,2,1	1,1,4893743.76667,596605.0,944542.47,2502,351643,4028679.5,145477.25,176889.0,536206.07,0.0,106147.200001,5066271.54998,220405,132113,1164,463,0,0,354145,0,0,72873.93,354145
2015,12,27,2,1	1,1,4049189.4,460000.0,763891.23,1899,257327,4815507.72,50732.62,129483.0,348053.68,0.0,77697.9000004,5479168.87997,133632,124019,1186,389,0,0,259226,0,0,57693.96,259226
2015,12,23,2,1	1,1,5077817.66667,551514.0,812247.07,1836,327180,3783824.51,117748.7,164361.96,481818.4,0.0,98611.2000006,4705047.17998,196943,130392,1237,444,0,0,329016,0,0,58682.41,329016
2015,7,30,2,1	1,1,6103468.95,636571.0,984952.71,2569,378047,4773942.36,133596.3,190161.0,648109.19,0.0,114081.600001,5935515.83998,247630,131418,1136,432,0,0,380616,0,0,75547.61,380616
2015,3,23,2,1	1,1,4935938.68333,621607.0,-16442693.99,2847,375807,4305694.93,141219.61,189158.5,591638.57,0.0,113578.200001,5429058.01998,238271,138924,1067,392,0,0,378654,0,0,87770.72,378654
2015,1,14,2,1	1,1,5560763.28333,708818.0,1064886.04,4155,428759,4801069.3,159680.35,216288.0,666008.83,0.0,129601.200001,6048870.22997,280416,151046,1098,354,0,0,432914,0,0,76271.1,432914
2015,4,24,2,1	1,1,7111306.11667,771021.0,36670007.73,4442,457463,5649897.8,173563.75,230805.75,751029.88,0.0,138481.800001,7037198.39997,292776,167222,1439,468,0,0,461905,0,0,93357.79,461905
2015,1,10,2,1	1,1,6191387.83333,876767.0,1242727.33,3964,501944,5350091.8,104914.3,252786.5,664899.87,0.0,151376.7,6570312.66996,309109,194918,1431,450,0,0,505908,0,0,46262.3,505908
2015,4,20,2,1	1,1,5339962.1,634746.0,24389383.14,3021,383345,4443998.0,139286.1,193071.0,600855.4,0.0,115843.200001,5564356.95998,242927,141890,1174,375,0,0,386366,0,0,71250.62,386366
2015,1,18,2,1	1,1,8839097.86667,728332.0,1076317.02,3036,415156,4468191.5,83113.17,208929.0,4497918.64,0.0,125272.200001,9433712.21002,252463,164085,1264,380,0,0,418192,0,0,50295.5,418192
2015,4,28,2,1	1,1,5687493.23333,658334.0,5724761.74,3190,398778,4738106.7,150084.55,200843.0,654664.59,0.0,120506.400001,5942766.15997,258242,142201,1099,426,0,0,401968,0,0,78510.14,401968
2015,9,29,2,1	1,1,5710396.56667,573927.0,912944.67,2464,347800,4334885.98,132748.9,174970.5,609806.91,0.0,105000.000001,5433540.74998,228706,120091,1077,390,0,0,350264,0,0,76134.8,350264
2015,4,4,2,1	1,1,-16466796.5167,761191.0,1089398.57,3357,429107,4741405.8,90371.8,216049.0,542939.76,0.0,129712.500001,5764160.60997,244284,186330,1380,470,0,0,432464,0,0,40239.55,432464
2015,4,8,2,1	1,1,758385608.499,719375.0,17757550.73,4132,429784,5056800.8,161592.89,216767.3,682265.21,0.0,130123.200001,6325337.02997,274793,157472,1272,379,0,0,433916,0,0,77768.33,433916
2015,7,23,2,1	1,1,5973098.3,655817.0,1045946.13,2561,391008,4835188.99,146586.5,196622.751,658826.429,0.0,117970.800001,6039144.15997,252597,139379,1202,391,0,0,393569,0,0,83881.34,393569
2015,7,27,2,1	1,1,4698659.01667,562119.0,909495.44,2432,335358,4004407.34,126103.4,168769.5,526717.87,0.0,101257.500001,5006578.83998,206321,130089,985,395,0,0,337790,0,0,79234.47,337790
2015,7,9,2,1	1,1,5773992.66667,660253.0,4192443.16,3375,392718,4699643.24,150085.91,197959.06,638589.72,0.0,118719.900001,5881082.11997,253884,140629,1190,390,0,0,396093,0,0,75680.41,396093
2015,8,4,2,1	1,1,5278740.51667,614034.0,1012548.09,3276,363814,4335194.1,135208.5,183407.48,580225.44,0.0,110043.300001,5417649.62998,230404,135284,1017,385,0,0,367090,0,0,73497.7,367090
2015,3,12,2,1	1,1,8354135.45,739863.0,1168188.19,4010,446319,5332499.92,166584.6,224993.0,746387.92,0.0,135084.300001,6699101.57997,292516,155969,1405,439,0,0,450329,0,0,93559.7,450329
2015,7,1,2,1	1,1,5382107.05,627919.0,2316418.67,2784,377141,4477033.91,143203.1,189829.0,601676.17,0.0,113906.100001,5597333.76998,240827,137634,1093,371,0,0,379925,0,0,71595.08,379925
2015,3,16,2,1	1,1,4873373.2,595918.0,16398466.33,3871,359388,4240379.7,134401.0,181456.8,570707.28,0.0,108966.600001,5321488.09998,224791,137050,1048,370,0,0,363259,0,0,85596.13,363259
2015,7,5,2,1	1,1,3329111.83333,466841.0,809432.11,1831,263216,3130642.02,54492.3,132399.0,368413.22,0.0,79456.8000004,3829598.11999,147937,115872,927,311,0,0,265047,0,0,64164.42,265047
2015,4,13,2,1	1,1,4783132.51667,600512.0,9386776.11,11351,354401,4446613.62,136422.97,182730.25,566638.98,0.0,109675.200001,5529484.61998,225284,138834,1205,429,0,0,365752,0,0,87386.62,365752
2015,7,16,2,1	1,1,6045043.95,646385.0,1042516.06,2821,386441,4855606.6,143427.45,194501.75,661762.51,0.0,116681.400001,6060074.71998,250541,137080,1232,409,0,0,389262,0,0,88044.44,389262
2015,7,12,2,1	1,1,4966438.73333,618047.0,7825282.24,2293,350545,4116695.8,75029.0,176285.0,512683.86,0.0,105773.400001,5058979.52998,210877,140325,1235,401,0,0,352838,0,0,72448.46,352838
2015,4,17,2,1	1,1,6809785.11667,762359.0,5504802.71,3756,453808,5520259.58,172270.1,228619.5,737709.83,0.0,137198.100001,6887161.62997,290605,164967,1464,528,0,0,457564,0,0,91072.89,457564
2015,5,21,2,2	1,1,568440.616667,18145.0,174543.16,97,9981,522744.93,2.5,5027.5,67080.85,0.0,3017.7,641968.54,6416,3578,69,15,0,0,10078,0,0,44095.06,10078
2015,5,25,2,2	1,1,382385.683333,19277.0,185063.33,129,10514,552709.61,0.5,5315.5,69459.64,0.0,3188.4,675331.2,7071,3490,65,17,0,0,10643,0,0,44657.55,10643
2015,5,29,2,2	1,1,490818.416667,16285.0,158108.76,114,9036,475095.4,1.0,4569.5,60678.97,0.0,2741.7,583054.12,5835,3233,54,28,0,0,9150,0,0,39968.35,9150
2015,11,2,2,2	1,1,501749.083333,17486.0,177545.12,261,9964,530575.38,1.05,5100.5,72160.72,0.0,3062.1,656151.52,6954,3189,69,13,0,0,10225,0,0,45251.77,10225
2015,10,25,2,2	1,1,440376.283333,18848.0,182492.21,113,10501,551190.3,1.23,5291.5,73736.7,0.0,3180.6,679045.43,7265,3264,66,19,0,0,10614,0,0,45646.7,10614
2015,3,9,2,2	1,1,436626.15,15235.0,154640.35,86,8883,465393.93,1.5,4475.5,65914.63,0.0,2688.6,576464.07,6419,2480,52,18,0,0,8969,0,0,37992.31,8969
2015,3,5,2,2	1,1,275932.35,11099.0,340470.2,78,6196,325008.22,4.47,3125.5,43731.48,0.0,1881.6,400792.52,4124,2089,46,15,0,0,6274,0,0,27045.75,6274
2015,6,22,2,2	1,1,509200.066667,18156.0,179023.73,134,10166,534811.61,1.5,5143.5,71529.7,0.0,3084.9,660207.16,6888,3323,73,16,0,0,10300,0,0,45635.95,10300
2015,3,1,2,2	1,1,356222.683333,13617.0,134450.43,79,7757,406228.01,2.23,3908.5,57972.9,0.0,2349.3,504192.41,5510,2238,69,19,0,0,7836,0,0,33736.27,7836
2015,6,26,2,2	1,1,508923.15,16952.0,161701.45,99,9323,488046.0,0.0,4692.5,64193.86,0.0,2816.1,599740.35,6166,3170,69,17,0,0,9422,0,0,39992.69,9422
2015,11,19,2,2	1,1,492725.633333,14306.0,145471.77,205,8171,435272.86,0.54,4177.5,58328.58,0.0,2508.0,537515.63,5524,2782,52,18,0,0,8376,0,0,37228.15,8376
2015,9,21,2,2	1,1,453628.116667,17294.0,167150.57,121,9535,501283.21,0.03,4816.0,65699.94,0.0,2892.3,617668.63,6308,3248,77,23,0,0,9656,0,0,42977.15,9656
2015,12,12,2,2	1,1,325264.25,12323.0,120336.71,120,6823,359802.0,1.0,3458.5,46132.44,0.0,2077.2,441618.82,4520,2353,49,21,0,0,6943,0,0,30147.68,6943
2015,11,15,2,2	1,1,430391.55,17587.0,180403.99,213,9887,523989.84,0.04,5039.0,73627.74,0.0,3023.4,649329.95,7272,2762,56,10,0,0,10100,0,0,43649.93,10100
2015,11,11,2,2	1,1,409686.733333,14562.0,147468.72,218,8294,441347.3,0.0,4243.5,62518.09,0.0,2547.0,548350.52,5946,2486,60,20,0,0,8512,0,0,37694.63,8512
2015,1,29,2,2	1,1,324452.066667,12167.0,119638.36,69,6886,360300.96,2.0,3464.0,47884.61,0.0,2082.9,443395.08,4655,2232,55,13,0,0,6955,0,0,29665.41,6955
2015,1,25,2,2	1,1,319149.883333,14216.0,140728.49,62,8158,425719.75,1.5,4092.5,59264.68,0.0,2461.2,524137.06,5819,2340,41,20,0,0,8220,0,0,32604.63,8220
2015,1,21,2,2	1,1,277339.533333,11347.0,114476.9,70,6638,348060.5,1.02,3346.0,49094.04,0.0,2009.4,430671.69,4740,1898,47,23,0,0,6708,0,0,28163.13,6708
2015,2,26,2,2	1,1,368971.283333,13862.0,137907.0,77,7955,416722.46,2.03,4010.5,58617.9,0.0,2408.4,515412.5,5562,2379,75,16,0,0,8032,0,0,33653.01,8032
2015,2,22,2,2	1,1,334502.616667,15646.0,7152582.25,105,8726,458030.5,0.0,4405.5,63316.35,0.0,2647.5,564992.43,6203,2556,56,16,0,0,8831,0,0,36598.78,8831
2015,6,6,2,2	1,1,392672.733333,14822.0,148111.31,79,8064,421990.08,0.0,4059.5,48773.78,0.0,2435.1,508307.71,4883,3180,64,16,0,0,8143,0,0,31049.25,8143
2015,2,6,2,2	1,1,352442.416667,12949.0,127776.86,108,7386,388965.77,3.46,3740.5,58255.52,0.0,2247.6,484870.11,5480,1954,44,16,0,0,7494,0,0,31660.26,7494
2015,2,2,2,2	1,1,290748.1,11265.0,110169.81,66,6370,333243.22,4.92,3202.5,48440.49,0.0,1929.3,414293.09,4550,1815,58,13,0,0,6436,0,0,27480.46,6436
2015,12,9,2,2	1,1,410321.4,13104.0,133421.67,157,7554,400056.2,1.04,3846.5,57609.42,0.0,2309.7,497686.88,5390,2259,44,18,0,0,7711,0,0,33865.62,7711
2015,12,5,2,2	1,1,310698.25,13122.0,127799.12,158,7241,383661.61,0.52,3689.5,47812.64,0.0,2214.0,469452.63,4680,2637,57,25,0,0,7399,0,0,32074.36,7399
2015,12,1,2,2	1,1,486955.816667,14137.0,140881.52,205,7935,422493.44,0.5,4061.5,58351.82,0.0,2438.1,524011.95,5530,2530,67,13,0,0,8140,0,0,36666.59,8140
2015,11,6,2,2	1,1,492283.75,16404.0,163819.32,262,9251,493201.13,1.02,4743.0,66472.44,0.0,2846.1,609294.1,6419,2997,75,22,0,0,9513,0,0,42030.41,9513
2015,12,16,2,2	1,1,399596.283333,13410.0,131523.58,182,7518,399355.92,1.54,3842.5,55969.49,0.0,2306.1,495563.74,5356,2262,64,18,0,0,7700,0,0,34089.79,7700
2015,8,17,2,2	1,1,392643.583333,16169.0,156470.33,96,8915,466991.66,0.0,4490.5,57644.33,0.0,2694.0,571225.61,5687,3244,69,11,0,0,9011,0,0,39405.12,9011
2015,10,21,2,2	1,1,496358.533333,15743.0,155244.75,107,8954,469905.8,0.02,4517.0,63016.21,0.0,2711.4,578433.58,5974,3003,68,16,0,0,9061,0,0,38283.95,9061
2015,10,7,2,2	1,1,452429.5,15495.0,155426.39,116,8879,465812.6,3.02,4479.5,63911.63,0.0,2689.5,576851.98,6023,2868,77,27,0,0,8995,0,0,39955.73,8995
2015,6,2,2,2	1,1,443753.05,14980.0,150411.27,98,8592,450282.85,0.5,4329.5,59934.77,0.0,2597.7,555499.18,5734,2867,64,25,0,0,8690,0,0,38359.4,8690
2015,10,29,2,2	1,1,529133.75,16521.0,163764.71,267,9156,489440.36,3.04,4706.5,62157.71,0.0,2824.5,599767.14,6000,3343,62,18,0,0,9423,0,0,40635.03,9423
2015,10,3,2,2	1,1,292581.133333,13836.0,131454.22,79,7498,392487.91,1.0,3773.5,46804.79,0.0,2265.6,477822.76,4658,2840,65,14,0,0,7577,0,0,32489.96,7577
2015,9,18,2,2	1,1,563145.85,17855.0,175698.45,130,10061,527890.16,0.02,5072.0,70400.3,0.0,3046.8,650579.52,6645,3422,96,28,0,0,10191,0,0,44170.24,10191
2015,9,14,2,2	1,1,431401.433333,16921.0,168611.71,105,9612,503548.52,1.02,4842.5,64343.32,0.0,2906.4,618140.64,6363,3284,48,22,0,0,9717,0,0,42499.68,9717
2015,9,10,2,2	1,1,522747.583333,15971.0,152522.01,111,8768,459927.6,2.0,4422.0,55632.32,0.0,2654.7,561291.99,5359,3416,80,24,0,0,8879,0,0,38654.17,8879
2015,10,18,2,2	1,1,490560.9,19400.0,187385.56,148,10688,562429.1,1.73,5404.5,75366.72,0.0,3245.4,692981.95,7383,3375,57,21,0,0,10836,0,0,46535.3,10836
2015,6,11,2,2	1,1,500825.35,16660.0,162841.84,111,9346,490027.1,2.5,4711.0,64696.15,0.0,2828.1,602397.84,6190,3178,64,25,0,0,9457,0,0,40132.99,9457
2015,8,28,2,2	1,1,424509.966667,15970.0,153262.15,94,8779,460397.88,0.5,4424.5,55762.52,0.0,2656.5,562601.13,5515,3291,51,16,0,0,8873,0,0,39359.23,8873
2015,6,15,2,2	1,1,536537.85,18935.0,183886.03,121,10457,548698.81,2.0,5278.5,72856.65,0.0,3166.5,676087.06,7056,3463,46,13,0,0,10578,0,0,46091.74,10578
2015,10,10,2,2	1,1,395178.4,16550.0,155331.97,102,8884,466167.5,0.5,4482.0,55052.98,0.0,2689.8,568278.62,5497,3408,59,22,0,0,8986,0,0,39885.84,8986
2015,6,19,2,2	1,1,492850.65,16625.0,161254.14,108,9186,481991.93,1.0,4637.5,64295.21,0.0,2782.8,593864.07,6107,3103,61,23,0,0,9294,0,0,40156.43,9294
2015,1,7,2,2	1,1,256080.333333,11625.0,115196.66,91,6621,347984.23,5.19,3348.0,43133.98,0.0,1999.2,424150.55,4349,2308,39,16,0,0,6712,0,0,27682.95,6712
2015,10,14,2,2	1,1,437468.266667,15360.0,152616.42,90,8740,458175.78,1.02,4404.5,61505.75,0.0,2644.8,566069.53,5883,2876,54,17,0,0,8830,0,0,39337.68,8830
2015,1,3,2,2	1,1,303417.483333,14769.0,137720.32,109,7855,413222.02,1.0,3974.5,49865.8,0.0,1302.9,501480.0,5104,2809,42,9,0,0,7964,0,0,32051.48,7964
2015,8,24,2,2	1,1,390913.766667,16368.0,155250.84,125,8847,465514.1,0.51,4475.5,58226.76,0.0,2685.9,570409.3,5740,3156,57,19,0,0,8972,0,0,39513.67,8972
2015,3,27,2,2	1,1,458441.933333,16319.0,159956.38,97,8990,471088.45,13.04,4534.0,62029.36,0.0,2726.1,581162.84,5953,3051,68,15,0,0,9087,0,0,40778.29,9087
2015,11,26,2,2	1,1,195310.483333,10151.0,95582.99,66,5459,286642.9,0.54,2755.5,29638.66,0.0,1654.5,344284.31,3092,2376,36,21,0,0,5525,0,0,23592.21,5525
2015,11,22,2,2	1,1,322463.85,14980.0,143451.14,173,8188,433651.42,0.02,4170.5,54972.63,0.0,2504.1,530515.5,5509,2772,62,18,0,0,8361,0,0,35217.63,8361
2015,2,19,2,2	1,1,327396.333333,13217.0,131151.26,102,7544,396770.78,0.0,3812.5,51486.69,0.0,2292.9,486604.3,5004,2576,42,24,0,0,7646,0,0,32248.63,7646
2015,2,15,2,2	1,1,221063.633333,11664.0,110590.87,60,6437,336230.5,2.0,3235.0,41807.46,0.0,1947.9,409331.92,4211,2226,49,11,0,0,6497,0,0,26115.66,6497
2015,2,11,2,2	1,1,350973.65,12857.0,129215.05,92,7431,390645.92,0.0,3755.5,57310.51,0.0,2256.3,486407.98,5467,1986,58,12,0,0,7523,0,0,32447.68,7523
2015,12,30,2,2	1,1,410114.05,15009.0,138624.56,133,7784,410507.6,5.0,3949.0,47138.47,0.0,2372.1,498867.56,4735,3104,62,16,0,0,7917,0,0,34896.19,7917
2015,5,3,2,2	1,1,465161.233333,19529.0,187803.61,111,10709,561071.23,1.0,5396.5,74217.72,0.0,3237.6,691196.86,7282,3444,74,20,0,0,10820,0,0,47272.81,10820
2015,8,31,2,2	1,1,397019.9,15758.0,154064.02,125,8708,458109.5,1.01,4406.0,57175.85,0.0,2643.6,561382.56,5636,3133,46,18,0,0,8833,0,0,39062.54,8833
2015,5,7,2,2	1,1,531435.65,17221.0,168868.18,129,9605,504519.99,2.0,4853.0,66263.84,0.0,2913.0,621890.62,6284,3368,66,16,0,0,9734,0,0,43339.59,9734
2015,9,7,2,2	1,1,421473.683333,19484.0,189776.89,118,10790,566405.5,0.5,5446.5,71885.93,0.0,3267.6,692671.75,7247,3568,72,21,0,0,10908,0,0,45665.72,10908
2015,9,3,2,2	1,1,437052.583333,15833.0,151474.2,118,8639,454569.26,1.0,4371.5,53986.77,0.0,2622.6,553716.97,5301,3376,66,14,0,0,8757,0,0,38165.84,8757
2015,5,18,2,2	1,1,526193.65,19282.0,188952.39,112,10757,563053.23,1.5,5415.0,75695.71,0.0,3249.9,694973.75,7280,3477,92,20,0,0,10869,0,0,47558.41,10869
2015,3,30,2,2	1,1,542034.016667,15875.0,156053.74,77,8895,465442.85,134.7,4476.0,59650.23,0.0,2689.8,571736.78,5839,3063,51,19,0,0,8972,0,0,39347.6,8972
2015,5,10,2,2	1,1,458429.516667,18029.0,177832.11,82,10215,534533.45,1.73,5142.0,69793.85,0.0,3085.2,657391.02,6875,3335,73,14,0,0,10297,0,0,44835.59,10297
2015,5,14,2,2	1,1,598962.6,18248.0,179730.11,113,10240,536979.13,0.5,5196.15,71743.06,0.0,3099.3,662648.35,6725,3542,68,18,0,0,10353,0,0,45631.81,10353
2015,9,25,2,2	1,1,382049.383333,15506.0,152666.04,91,8726,457487.0,1.52,4399.0,57455.96,0.0,2640.6,560182.68,5567,3153,81,16,0,0,8817,0,0,38205.84,8817
2015,12,27,2,2	1,1,337924.733333,15005.0,139596.76,129,7832,412773.21,0.5,3968.5,48022.24,0.0,2382.6,500540.68,4879,2995,70,17,0,0,7961,0,0,33393.63,7961
2015,12,23,2,2	1,1,515516.283333,14966.0,140160.92,186,7870,417538.99,0.0,4012.5,51740.55,0.0,2409.3,510919.68,4952,3020,74,10,0,0,8056,0,0,35218.34,8056
2015,7,30,2,2	1,1,433917.466667,14546.0,138063.37,89,7925,415903.0,1.8,4000.5,51270.3,0.0,2399.7,508530.31,4932,3010,53,19,0,0,8014,0,0,34955.01,8014
2015,3,23,2,2	1,1,449515.166667,16816.0,169465.61,77,9625,503493.04,1.01,4839.5,67964.36,0.0,2909.4,622581.53,6635,2977,63,27,0,0,9702,0,0,43378.42,9702
2015,1,14,2,2	1,1,310952.583333,12689.0,126896.34,112,7359,386707.61,2.0,3721.0,56380.78,0.0,2232.3,480645.17,5359,2044,50,18,0,0,7471,0,0,31608.68,7471
2015,4,24,2,2	1,1,498138.016667,17385.0,3738050.55,130,9580,503689.72,2.0,4842.0,67452.72,0.0,2907.0,622143.69,6403,3211,75,21,0,0,9710,0,0,43250.25,9710
2015,1,10,2,2	1,1,266363.383333,13300.0,129277.02,66,7539,394265.34,1.0,3793.5,50116.21,0.0,2271.6,482138.16,5064,2476,53,12,0,0,7605,0,0,31695.51,7605
2015,4,20,2,2	1,1,403092.066667,15772.0,15776924.29,100,8921,466938.04,2.0,4491.0,61918.08,0.0,2697.6,575658.6,6049,2896,56,20,0,0,9021,0,0,39616.08,9021
2015,1,18,2,2	1,1,280450.533333,11901.0,116807.88,63,6774,354406.6,1.0,3409.0,46439.44,0.0,2044.5,433119.45,4645,2129,49,14,0,0,6837,0,0,26824.71,6837
2015,4,28,2,2	1,1,349861.7,13801.0,136631.83,87,7837,411004.68,1.0,3952.0,52927.6,0.0,2371.5,505152.19,5166,2703,40,15,0,0,7924,0,0,34895.41,7924
2015,9,29,2,2	1,1,405303.916667,14291.0,141824.21,105,8058,422627.38,0.51,4063.0,55826.6,0.0,2439.9,519855.19,5388,2698,63,14,0,0,8163,0,0,34898.6,8163
2015,4,4,2,2	1,1,242904.0,11455.0,101754.27,54,5878,307315.8,66.6,2955.0,30359.89,0.0,1777.5,368073.16,3089,2776,51,16,0,0,5932,0,0,25603.37,5932
2015,4,8,2,2	1,1,328279.233333,13836.0,131717.05,98,7539,394881.58,135.2,3799.0,48477.72,0.0,2285.1,483787.98,4733,2817,66,21,0,0,7637,0,0,34214.18,7637
2015,7,23,2,2	1,1,441233.183333,15325.0,146515.08,122,8295,435610.74,1.0,4190.5,56543.24,0.0,2514.9,535437.71,5405,2927,66,19,0,0,8417,0,0,36583.67,8417
2015,7,27,2,2	1,1,411608.666667,16257.0,158272.64,102,8942,469327.45,0.5,4513.0,60731.82,0.0,2707.8,577247.77,5955,3012,57,20,0,0,9044,0,0,39967.2,9044
2015,7,9,2,2	1,1,364146.783333,13755.0,130203.28,103,7455,391121.26,4.46,3761.0,48946.06,0.0,2256.0,479982.15,4728,2765,51,14,0,0,7558,0,0,33893.37,7558
2015,8,4,2,2	1,1,368225.833333,13959.0,131153.01,104,7506,394484.81,0.0,3793.5,48019.82,0.0,2275.8,482476.48,4662,2878,54,16,0,0,7610,0,0,33902.55,7610
2015,3,12,2,2	1,1,484824.9,15423.0,151897.23,104,8756,458939.92,9.92,4418.5,64681.4,0.0,2657.1,568423.04,6086,2685,73,16,0,0,8860,0,0,37723.1,8860
2015,7,1,2,2	1,1,388806.383333,14661.0,140542.89,96,8047,422579.76,1.0,4063.5,53121.09,0.0,2437.8,517642.21,5191,2882,55,15,0,0,8143,0,0,35439.86,8143
2015,3,16,2,2	1,1,422043.983333,16484.0,166272.9,141,9410,495483.92,0.5,4766.0,68023.01,0.0,2864.4,611601.36,6683,2806,47,15,0,0,9551,0,0,40468.33,9551
2015,7,5,2,2	1,1,338655.766667,16049.0,151527.51,84,8687,455314.74,0.0,4376.0,57466.94,0.0,2625.6,556121.91,5846,2861,56,8,0,0,8771,0,0,36338.63,8771
2015,4,13,2,2	1,1,405624.866667,16278.0,161977.34,265,9130,486823.8,1.5,4683.5,63968.18,0.0,2813.4,599872.04,6246,3055,76,18,0,0,9395,0,0,41586.06,9395
2015,7,16,2,2	1,1,446186.433333,15582.0,149272.38,103,8497,445563.24,61.61,4285.0,57134.0,0.0,2571.0,546680.34,5512,3009,53,26,0,0,8600,0,0,37065.49,8600
2015,7,12,2,2	1,1,392657.2,16657.0,158686.85,86,9094,476956.42,0.0,4586.0,62412.85,0.0,2752.2,586644.81,6211,2905,52,12,0,0,9180,0,0,39938.44,9180
2015,4,17,2,2	1,1,453245.416667,16513.0,161389.26,103,9292,486685.5,1.5,4681.0,65260.79,0.0,2811.3,601221.75,6211,3110,61,13,0,0,9395,0,0,41785.26,9395
2015,5,21,2,3	1,1,39639.3833333,1586.0,14596.31,6,903,60598.5,200.5,0.5,9438.58,0.0,270.0,81379.17,647,231,24,7,0,0,909,0,0,10871.09,909
2015,5,25,2,3	1,1,24549.0833333,1546.0,13799.72,6,862,52780.5,62.0,0.5,6538.1,0.0,258.6,69794.46,523,307,30,8,0,0,868,0,0,10154.76,868
2015,5,29,2,3	1,1,29036.9166667,1288.0,11637.24,3,738,47666.5,158.5,0.0,7717.16,0.0,220.8,64508.87,516,182,34,9,0,0,741,0,0,8745.91,741
2015,11,2,2,3	1,1,39050.8333333,1760.0,16516.93,7,984,65852.0,243.0,0.5,9250.06,0.0,296.1,88112.63,670,294,22,5,0,0,991,0,0,12470.97,991
2015,10,25,2,3	1,1,46651.95,1912.0,17500.84,8,1042,69192.75,61.5,1.0,9541.37,0.0,312.3,92024.78,673,335,38,4,0,0,1050,0,0,12915.86,1050
2015,3,9,2,3	1,1,20808.0333333,973.0,9517.09,5,591,37766.01,176.0,0.0,5578.34,0.0,178.8,50589.38,388,186,18,4,0,0,596,0,0,6892.63,596
2015,3,5,2,3	1,1,30689.9166667,1297.0,13359.5,7,780,51209.03,197.0,0.0,9171.81,0.0,236.1,70631.34,609,140,27,11,0,0,787,0,0,9819.8,787
2015,6,22,2,3	1,1,27407.2833333,1133.0,10175.96,7,636,41430.0,161.0,0.5,5588.93,0.0,191.7,54806.93,406,203,29,5,0,0,643,0,0,7434.8,643
2015,3,1,2,3	1,1,29255.25,1254.0,11845.88,5,727,46813.5,36.5,0.0,6488.24,0.0,219.6,62863.43,468,236,24,4,0,0,732,0,0,9307.39,732
2015,6,26,2,3	1,1,41103.5833333,1397.0,12778.58,6,822,55116.5,206.5,0.0,8546.61,0.0,246.6,73448.37,562,228,32,6,0,0,828,0,0,9332.46,828
2015,11,19,2,3	1,1,39450.5166667,1412.0,14774.58,4,882,59205.5,220.0,0.0,10452.4,0.0,264.3,81316.82,688,176,17,5,0,0,886,0,0,11174.62,886
2015,9,21,2,3	1,1,25928.2333333,1324.0,11715.52,9,716,46047.0,164.5,0.0,6015.74,0.0,216.3,60962.71,436,262,20,7,0,0,725,0,0,8519.17,725
2015,12,12,2,3	1,1,20915.0166667,1027.0,9331.07,4,572,36683.85,49.5,1.0,5177.42,0.0,169.8,49534.52,396,151,23,6,0,0,576,0,0,7452.95,576
2015,11,15,2,3	1,1,36574.2,1642.0,15555.78,3,929,62282.5,47.0,0.5,8377.26,0.0,279.0,82640.48,606,296,22,8,0,0,932,0,0,11654.22,932
2015,11,11,2,3	1,1,31194.1833333,1346.0,13074.94,12,768,51610.5,55.0,0.5,8565.84,0.0,232.2,70093.59,573,174,30,3,0,0,780,0,0,9629.55,780
2015,1,29,2,3	1,1,17973.05,879.0,7773.9,2,491,30984.5,136.3,0.5,4913.09,0.0,147.6,41954.8,346,125,20,2,0,0,493,0,0,5774.01,493
2015,1,25,2,3	1,1,21669.3166667,1221.0,10668.53,6,678,42215.0,29.5,0.0,5744.08,0.0,205.2,56053.25,434,223,24,3,0,0,684,0,0,7861.27,684
2015,1,21,2,3	1,1,18232.9666667,940.0,9546.55,9,570,37005.6,120.5,0.5,6663.11,0.0,173.4,50851.13,438,119,19,3,0,0,579,0,0,6881.32,579
2015,2,26,2,3	1,1,24727.5,1272.0,11545.67,8,724,46188.0,169.5,0.0,7591.2,0.0,219.6,62697.22,506,194,24,8,0,0,732,0,0,8515.01,732
2015,2,22,2,3	1,1,27077.2333333,1322.0,12162.18,11,733,47753.3,41.5,0.0,6314.03,0.0,223.2,63127.12,474,236,29,5,0,0,744,0,0,8796.29,744
2015,6,6,2,3	1,1,21451.4,908.0,8852.57,6,528,34511.0,44.5,0.0,4572.92,0.0,159.6,45737.24,330,174,24,6,0,0,534,0,0,6449.22,534
2015,2,6,2,3	1,1,23099.05,1032.0,10259.51,6,635,41020.0,122.5,0.5,7011.69,0.0,192.3,55845.56,488,132,14,7,0,0,641,0,0,7499.17,641
2015,2,2,2,3	1,1,13864.0166667,690.0,6617.28,2,405,25590.0,99.0,0.0,3814.61,0.0,122.1,34433.25,260,124,19,4,0,0,407,0,0,4808.74,407
2015,12,9,2,3	1,1,31897.25,1326.0,12911.09,7,795,51654.51,191.5,0.0,8889.71,0.0,239.4,71347.07,590,166,41,5,0,0,802,0,0,10371.95,802
2015,12,5,2,3	1,1,20999.05,1061.0,9447.46,9,593,37824.0,51.0,0.0,5408.96,0.0,180.0,50543.06,397,172,30,3,0,0,602,0,0,7079.1,602
2015,12,1,2,3	1,1,28474.7,1123.0,10163.76,10,627,41390.0,156.5,0.5,6024.39,0.0,188.7,55132.62,425,178,29,5,0,0,637,0,0,7372.53,637
2015,11,6,2,3	1,1,36932.0666667,1488.0,14752.61,6,893,59666.8,206.5,1.0,10109.23,0.0,269.1,81265.07,683,190,21,5,0,0,899,0,0,11012.44,899
2015,12,16,2,3	1,1,29476.3166667,1332.0,12736.9,3,799,51067.5,188.0,0.0,8729.49,0.0,240.0,70330.52,595,173,29,5,0,0,802,0,0,10105.53,802
2015,8,17,2,3	1,1,24080.7166667,1075.0,9671.72,6,584,38727.5,149.0,0.5,5160.37,0.0,177.0,51016.46,361,203,21,5,0,0,590,0,0,6802.09,590
2015,10,21,2,3	1,1,27430.6166667,1113.0,10667.64,7,655,42816.53,164.0,0.0,6682.45,0.0,197.4,57807.72,462,175,22,3,0,0,662,0,0,7947.34,662
2015,10,7,2,3	1,1,28981.9166667,1122.0,11183.45,8,680,45017.0,159.5,0.0,7216.52,0.0,205.5,61066.11,493,162,28,5,0,0,688,0,0,8467.59,688
2015,6,2,2,3	1,1,24255.8833333,1189.0,10758.02,3,653,42604.0,132.5,2.3,6390.81,0.0,194.1,57109.3,450,183,20,3,0,0,656,0,0,7785.59,656
2015,10,29,2,3	1,1,34843.8666667,1387.0,13234.31,8,809,53227.5,217.0,1.5,7896.37,0.0,243.9,72562.04,557,233,22,5,0,0,817,0,0,10975.77,817
2015,10,3,2,3	1,1,17559.8666667,1000.0,9183.67,4,559,35516.0,48.5,0.5,4734.51,0.0,168.9,47320.14,363,182,15,3,0,0,563,0,0,6851.73,563
2015,9,18,2,3	1,1,37893.1166667,1471.0,13917.99,9,855,56471.5,188.5,0.0,9243.97,0.0,258.6,76837.09,635,194,30,5,0,0,864,0,0,10675.12,864
2015,9,14,2,3	1,1,22780.4333333,1193.0,10402.85,6,655,41232.3,179.0,0.0,5686.9,0.0,197.1,55138.25,418,214,25,4,0,0,661,0,0,7842.95,661
2015,9,10,2,3	1,1,39358.9,1345.0,13255.78,5,802,55447.0,234.5,0.5,8795.87,0.0,241.5,74682.07,590,191,21,5,0,0,807,0,0,9936.06,807
2015,10,18,2,3	1,1,35523.9166667,1781.0,15800.38,11,956,63034.0,57.5,0.0,8378.56,0.0,287.7,83801.55,583,341,33,10,0,0,967,0,0,12043.79,967
2015,6,11,2,3	1,1,29613.05,1307.0,12227.02,6,764,49711.84,183.5,0.0,8070.66,0.0,231.0,67344.87,550,179,37,4,0,0,770,0,0,9147.87,770
2015,8,28,2,3	1,1,28271.3166667,1231.0,10541.49,5,675,43721.0,132.5,0.0,6543.98,0.0,201.0,58486.92,466,173,33,8,0,0,680,0,0,7888.44,680
2015,6,15,2,3	1,1,27568.1333333,1184.0,10790.41,4,663,43856.5,158.0,0.5,6581.82,0.0,198.9,58570.24,454,186,22,5,0,0,667,0,0,7774.52,667
2015,10,10,2,3	1,1,28627.3666667,1388.0,12182.66,10,770,48752.5,76.23,0.0,6413.54,0.0,231.6,64622.1,501,239,31,9,0,0,780,0,0,9148.23,780
2015,6,19,2,3	1,1,37941.0166667,1355.0,13322.88,5,835,54659.5,178.5,1.0,8789.74,0.0,249.9,73842.66,616,188,33,3,0,0,840,0,0,9964.02,840
2015,1,7,2,3	1,1,15155.6,797.0,7230.55,5,468,28538.63,98.0,1.5,4277.34,0.0,141.6,38245.34,291,153,21,8,0,0,473,0,0,5190.67,473
2015,10,14,2,3	1,1,26758.0833333,1133.0,10576.32,7,656,42193.5,158.5,0.5,6521.48,0.0,197.1,56895.33,453,188,19,3,0,0,663,0,0,7824.25,663
2015,1,3,2,3	1,1,23228.3833333,1355.0,11265.19,8,679,43300.6,64.5,0.5,4048.2,0.0,96.3,55791.41,326,328,28,5,0,0,687,0,0,8172.11,687
2015,8,24,2,3	1,1,21832.7333333,988.0,8923.15,2,571,36017.5,157.0,0.0,4116.66,0.0,170.1,47253.81,312,225,28,8,0,0,573,0,0,6792.55,573
2015,3,27,2,3	1,1,26028.7,1196.0,11534.25,9,723,46246.0,184.5,0.0,7508.06,0.0,219.6,62925.28,524,165,34,9,0,0,732,0,0,8767.72,732
2015,11,26,2,3	1,1,20671.4166667,1049.0,10027.67,4,617,39874.0,83.5,0.0,5889.46,0.0,184.5,53502.11,459,139,20,3,0,0,621,0,0,7470.65,621
2015,11,22,2,3	1,1,30790.7333333,1627.0,15003.0,7,873,57885.0,48.5,0.5,7028.91,0.0,264.0,76251.38,548,305,24,3,0,0,880,0,0,11024.47,880
2015,2,19,2,3	1,1,23914.5166667,1165.0,10891.94,4,692,43545.5,183.5,0.5,6851.34,0.0,208.8,58596.84,484,169,30,13,0,0,696,0,0,7809.6,696
2015,2,15,2,3	1,1,25041.4166667,1206.0,11502.94,5,694,43961.5,33.5,0.0,6170.41,0.0,209.7,58758.09,470,209,13,7,0,0,699,0,0,8384.78,699
2015,2,11,2,3	1,1,25998.6833333,1021.0,9784.75,6,614,39787.5,137.5,0.0,6427.07,0.0,186.0,53799.8,447,146,24,3,0,0,620,0,0,7263.53,620
2015,12,30,2,3	1,1,24098.8333333,957.0,8682.28,3,502,33641.8,110.0,0.5,3451.18,0.0,151.5,43654.72,270,216,17,2,0,0,505,0,0,6299.74,505
2015,5,3,2,3	1,1,37176.9,1699.0,15765.88,9,946,62915.0,48.5,0.0,7446.61,0.0,284.7,82063.03,549,356,42,8,0,0,955,0,0,11368.22,955
2015,8,31,2,3	1,1,20183.45,976.0,9286.0,0,581,36614.0,163.51,0.0,5014.3,0.0,173.1,48709.18,369,194,13,5,0,0,581,0,0,6740.27,581
2015,5,7,2,3	1,1,32066.7333333,1453.0,13564.59,8,855,55164.0,170.5,0.5,8830.06,0.0,258.3,74438.8,608,224,26,5,0,0,863,0,0,10015.44,863
2015,9,7,2,3	1,1,28207.6333333,1756.0,15794.66,7,940,59829.0,81.5,1.0,6859.14,0.0,282.3,78349.65,556,371,18,2,0,0,947,0,0,11297.01,947
2015,9,3,2,3	1,1,30805.8,1187.0,11097.61,6,692,44765.5,161.5,0.0,7022.07,0.0,207.6,60387.27,480,174,36,8,0,0,698,0,0,8230.6,698
2015,5,18,2,3	1,1,39969.8333333,1627.0,15146.76,8,904,61096.13,206.5,0.0,8374.66,0.0,270.6,81129.54,607,271,27,7,0,0,912,0,0,11161.65,912
2015,3,30,2,3	1,1,18680.5833333,958.0,8995.18,3,570,35838.5,139.5,0.0,4785.94,0.0,171.9,47564.9,348,190,25,10,0,0,573,0,0,6630.56,573
2015,5,10,2,3	1,1,33926.9166667,1619.0,14647.97,8,876,57935.5,45.5,0.5,7348.13,0.0,264.6,77288.7,549,286,38,11,0,0,884,0,0,11694.47,884
2015,5,14,2,3	1,1,43995.6333333,1653.0,15751.52,4,945,65185.0,240.0,0.0,10648.72,0.0,284.1,88066.37,717,208,22,2,0,0,949,0,0,11708.55,949
2015,9,25,2,3	1,1,20953.45,1194.0,11465.33,3,724,44845.0,180.0,1.0,7215.51,0.0,218.1,61155.46,538,168,16,5,0,0,727,0,0,8695.85,727
2015,12,27,2,3	1,1,16184.9833333,931.0,8008.21,1,490,31353.5,40.0,0.0,3606.94,0.0,146.7,41290.1,269,197,24,1,0,0,491,0,0,6142.96,491
2015,12,23,2,3	1,1,49987.1666667,1950.0,17676.59,5,1076,84925.56,302.0,0.0,10756.12,0.0,322.5,109940.71,787,243,41,10,0,0,1081,0,0,13634.53,1081
2015,7,30,2,3	1,1,35285.0166667,1315.0,12135.95,8,716,50025.5,205.5,0.5,7718.55,0.0,216.0,67041.84,508,187,24,5,0,0,724,0,0,8865.79,724
2015,3,23,2,3	1,1,22100.25,1171.0,10481.85,4,664,41814.0,178.5,0.0,6327.58,0.0,200.1,56192.5,441,191,28,8,0,0,668,0,0,7672.92,668
2015,1,14,2,3	1,1,26167.0333333,1337.0,12776.13,10,779,49855.85,145.5,0.5,8964.41,0.0,235.8,68741.24,605,160,18,6,0,0,789,0,0,9540.38,789
2015,4,24,2,3	1,1,33874.3666667,1488.0,13449.98,12,857,75922.5,170.5,0.0,8919.02,0.0,257.7,95373.5,616,213,36,4,0,0,869,0,0,10103.78,869
2015,1,10,2,3	1,1,13246.3166667,850.0,7478.85,4,470,29231.0,56.0,0.0,3610.11,0.0,141.3,38232.05,270,176,26,2,0,0,474,0,0,5193.64,474
2015,4,20,2,3	1,1,23868.15,1087.0,10443.36,9,633,41107.0,165.5,0.5,6187.03,0.0,192.0,55198.04,429,189,21,3,0,0,642,0,0,7546.01,642
2015,1,18,2,3	1,1,18597.7666667,964.0,8329.72,2,521,33252.5,34.0,0.5,4478.38,0.0,156.9,44093.49,336,173,11,3,0,0,523,0,0,6171.21,523
2015,4,28,2,3	1,1,20256.8333333,995.0,9506.03,10,595,37692.34,150.0,0.0,5640.83,0.0,178.5,50663.9,396,182,20,7,0,0,605,0,0,7002.23,605
2015,9,29,2,3	1,1,24815.5666667,1123.0,10127.07,5,630,40106.85,151.5,0.5,6081.95,0.0,189.3,53984.88,422,187,21,5,0,0,635,0,0,7454.78,635
2015,4,4,2,3	1,1,15405.2166667,916.0,7499.87,3,488,30109.0,39.5,0.0,3539.09,0.0,147.3,39380.5,269,190,27,5,0,0,491,0,0,5546.81,491
2015,4,8,2,3	1,1,23574.35,1183.0,10659.61,5,650,42618.0,152.5,0.5,6390.18,0.0,196.5,57271.9,443,187,23,2,0,0,655,0,0,7914.22,655
2015,7,23,2,3	1,1,31559.35,1267.0,11625.44,5,726,48291.0,180.5,0.0,7675.26,0.0,218.1,64848.48,528,165,29,9,0,0,731,0,0,8483.62,731
2015,7,27,2,3	1,1,24718.9333333,1068.0,10424.92,7,582,39150.5,154.0,0.0,5271.95,0.0,175.5,51758.7,372,190,21,6,0,0,589,0,0,7006.75,589
2015,7,9,2,3	1,1,25981.8833333,1013.0,9925.33,8,618,40973.5,168.5,0.0,6051.6,0.0,187.2,54788.5,414,185,21,6,0,0,626,0,0,7408.0,626
2015,8,4,2,3	1,1,39355.8833333,1008.0,9513.64,7,567,44430.5,151.5,0.0,6031.45,0.0,171.0,57392.61,377,170,24,3,0,0,574,0,0,6608.16,574
2015,3,12,2,3	1,1,31672.5833333,1430.0,13943.41,5,841,55048.5,218.0,0.0,9379.98,0.0,253.8,75087.12,643,181,20,2,0,0,846,0,0,10188.34,846
2015,7,1,2,3	1,1,28749.3166667,1250.0,11843.89,12,718,48084.0,180.0,1.0,7021.69,0.0,219.0,64964.18,488,207,33,2,0,0,730,0,0,9458.49,730
2015,3,16,2,3	1,1,21833.2833333,1024.0,10284.4,10,611,39651.5,139.0,0.0,5794.01,0.0,186.3,53136.76,420,172,25,4,0,0,621,0,0,7367.15,621
2015,7,5,2,3	1,1,17333.8666667,1087.0,9514.02,5,583,36683.0,48.0,0.0,4063.65,0.0,175.8,48065.46,340,221,23,4,0,0,588,0,0,7095.01,588
2015,4,13,2,3	1,1,22120.2333333,1142.0,10355.72,27,634,40911.5,170.0,0.0,5436.84,0.0,197.7,54479.41,402,220,35,4,0,0,661,0,0,7763.37,661
2015,7,16,2,3	1,1,28468.4,1141.0,10720.57,4,693,44716.5,184.0,0.0,7019.76,0.0,207.9,59987.82,480,182,25,10,0,0,697,0,0,7859.96,697
2015,7,12,2,3	1,1,21913.25,1117.0,10475.22,5,647,40401.5,56.5,0.0,5128.59,0.0,194.4,53405.61,392,227,29,4,0,0,652,0,0,7624.62,652
2015,4,17,2,3	1,1,31913.2666667,1299.0,12568.47,9,765,51530.0,190.0,0.0,8102.49,0.0,231.3,69406.21,590,160,21,3,0,0,774,0,0,9353.02,774
2015,5,21,2,4	1,1,5642.23333333,219.0,2656.6,2,154,9972.7,67.0,78.0,1147.75,0.0,46.8,11549.69,87,59,5,5,0,0,156,0,0,237.44,156
2015,5,25,2,4	1,1,4084.05,265.0,2529.12,5,144,9143.4,29.0,74.5,846.54,0.0,44.7,10398.03,69,73,5,2,0,0,149,0,0,259.89,149
2015,5,29,2,4	1,1,6629.6,285.0,3160.72,0,179,11736.2,84.0,89.5,1489.33,0.0,53.7,13777.06,111,62,5,1,0,0,179,0,0,324.33,179
2015,11,2,2,4	1,1,5185.68333333,261.0,2536.44,1,157,9456.5,62.0,79.0,1045.32,0.0,47.4,10937.16,86,68,4,0,0,0,158,0,0,246.94,158
2015,10,25,2,4	1,1,6478.68333334,266.0,2909.38,1,161,10554.5,32.0,81.0,1252.96,0.0,48.6,12264.29,89,68,1,4,0,0,162,0,0,295.23,162
2015,3,9,2,4	1,1,6565.68333334,253.0,2608.67,2,162,9772.5,75.5,82.0,953.91,0.0,49.2,11096.74,87,72,5,0,0,0,164,0,0,163.63,164
2015,3,5,2,4	1,1,4382.85,186.0,2141.36,3,120,8192.5,49.0,60.0,976.49,0.0,36.9,9523.17,69,47,6,1,0,0,123,0,0,208.28,123
2015,6,22,2,4	1,1,6087.25,276.0,2950.24,2,179,11254.5,72.5,90.5,1346.82,0.0,54.3,13073.84,109,69,3,0,0,0,181,0,0,255.22,181
2015,3,1,2,4	1,1,5905.88333333,299.0,2710.27,2,175,9942.25,45.0,88.5,1172.77,0.0,52.8,11553.47,93,75,9,0,0,0,177,0,0,252.15,177
2015,6,26,2,4	1,1,6773.6,321.0,2968.97,2,169,11240.0,66.5,85.5,1462.09,0.0,51.3,13270.48,104,65,2,0,0,0,171,0,0,365.09,171
2015,11,19,2,4	1,1,8175.83333333,294.0,3215.57,6,178,11586.5,72.0,92.0,1385.71,0.0,55.2,13579.02,114,68,1,1,0,0,184,0,0,387.61,184
2015,9,21,2,4	1,1,5322.65,236.0,2637.9,2,153,9953.14,68.0,77.5,1176.87,0.0,46.5,11648.5,90,62,2,1,0,0,155,0,0,326.49,155
2015,12,12,2,4	1,1,7712.33333333,221.0,2465.84,3,133,9621.5,26.5,68.0,1148.11,0.0,40.8,11169.93,79,52,2,3,0,0,136,0,0,265.02,136
2015,11,15,2,4	1,1,5293.83333333,261.0,3011.95,2,161,11257.95,30.52,81.5,1382.12,0.0,48.9,13087.78,96,60,5,2,0,0,163,0,0,286.79,163
2015,11,11,2,4	1,1,5262.68333333,245.0,2939.39,5,162,10842.0,59.0,83.5,1386.72,0.0,50.1,12869.37,103,58,5,1,0,0,167,0,0,448.05,167
2015,1,29,2,4	1,1,5120.86666667,248.0,2315.64,4,140,8468.1,60.5,72.0,1127.95,0.0,42.9,9974.53,88,52,4,0,0,0,144,0,0,203.08,144
2015,1,25,2,4	1,1,7353.28333333,312.0,2614.22,4,161,9648.5,35.5,82.5,951.86,0.0,49.5,11003.52,82,80,2,1,0,0,165,0,0,235.66,165
2015,1,21,2,4	1,1,5082.56666667,281.0,2482.66,5,156,9188.5,72.0,80.5,1169.32,0.0,48.3,10827.72,101,56,4,0,0,0,161,0,0,269.1,161
2015,2,26,2,4	1,1,5886.75,286.0,2841.41,2,171,10334.5,78.0,86.5,1203.62,0.0,51.9,11978.4,109,63,1,0,0,0,173,0,0,223.88,173
2015,2,22,2,4	1,1,5551.75,335.0,3008.75,3,185,10901.0,32.5,94.0,1029.39,0.0,56.4,12394.85,84,92,11,1,0,0,188,0,0,281.56,188
2015,6,6,2,4	1,1,4582.1,273.0,2362.77,0,144,8890.5,28.5,72.0,961.1,0.0,43.2,10212.31,72,71,0,1,0,0,144,0,0,217.01,144
2015,2,6,2,4	1,1,4500.2,207.0,2231.33,1,125,8373.5,51.0,63.0,1021.99,0.0,37.8,9801.65,76,37,9,4,0,0,126,0,0,254.36,126
2015,2,2,2,4	1,1,5551.1,274.0,2722.28,1,165,10145.5,78.5,83.0,912.73,0.0,49.8,11534.57,85,72,8,1,0,0,166,0,0,265.04,166
2015,12,9,2,4	1,1,6918.7,304.0,3325.91,2,193,12462.5,85.5,97.5,1901.6,0.0,58.5,14959.94,132,57,5,1,0,0,195,0,0,354.34,195
2015,12,5,2,4	1,1,4431.93333333,219.0,2375.08,0,136,8874.0,35.5,68.0,996.73,0.0,40.8,10311.21,79,53,3,1,0,0,136,0,0,296.18,136
2015,12,1,2,4	1,1,6891.31666667,336.0,3347.04,4,180,12490.14,67.02,92.0,1520.65,0.0,55.2,14614.28,113,66,4,1,0,0,184,0,0,389.27,184
2015,11,6,2,4	1,1,7977.98333333,264.0,3176.48,2,175,11675.74,79.5,88.5,1168.0,0.0,53.1,13434.98,106,65,6,0,0,0,177,0,0,370.14,177
2015,12,16,2,4	1,1,7010.35,305.0,3428.62,2,183,12795.0,81.0,92.5,1670.26,0.0,55.5,14985.38,128,55,2,0,0,0,185,0,0,291.12,185
2015,8,17,2,4	1,1,5525.93333333,316.0,2990.47,5,173,12985.5,63.02,88.5,1177.44,0.0,53.1,14676.51,96,74,7,1,0,0,178,0,0,308.95,178
2015,10,21,2,4	1,1,5955.5,272.0,2858.34,3,156,10533.0,66.0,79.5,1171.89,0.0,47.7,12173.76,90,63,6,0,0,0,159,0,0,275.67,159
2015,10,7,2,4	1,1,10896.2333333,355.0,3219.12,2,215,12161.35,88.5,108.0,1381.44,0.0,64.8,14146.26,124,89,4,0,0,0,217,0,0,342.17,217
2015,6,2,2,4	1,1,6476.18333333,294.0,3202.46,6,185,11850.0,81.0,95.5,1466.56,0.0,57.3,13838.08,109,79,0,3,0,0,191,0,0,287.72,191
2015,10,29,2,4	1,1,7183.78333333,292.0,3332.57,4,185,12596.0,81.5,94.5,1433.4,0.0,56.7,14640.65,127,60,1,1,0,0,189,0,0,378.55,189
2015,10,3,2,4	1,1,5652.5,249.0,2262.16,2,128,8456.5,29.5,64.5,817.67,0.0,39.0,9730.82,61,66,3,0,0,0,130,0,0,323.65,130
2015,9,18,2,4	1,1,9951.93333334,328.0,3517.13,3,199,12922.5,79.58,101.0,1851.28,0.0,60.6,15352.41,132,58,11,1,0,0,202,0,0,337.45,202
2015,9,14,2,4	1,1,4649.0,235.0,2737.67,1,143,10343.75,53.0,72.0,1196.69,0.0,43.2,11957.12,78,62,3,1,0,0,144,0,0,248.48,144
2015,9,10,2,4	1,1,6353.03333333,246.0,2936.04,1,155,11342.1,69.0,78.0,1269.89,0.0,46.8,13084.39,93,61,0,2,0,0,156,0,0,278.6,156
2015,10,18,2,4	1,1,5162.7,255.0,2760.92,1,152,10607.5,24.5,76.5,877.77,0.0,45.9,12053.66,79,69,4,1,0,0,153,0,0,421.49,153
2015,6,11,2,4	1,1,7572.25,279.0,3042.31,2,174,11537.5,77.5,88.0,1502.28,0.0,52.8,13525.3,116,57,3,0,0,0,176,0,0,267.22,176
2015,8,28,2,4	1,1,6828.13333333,328.0,3029.87,3,189,13220.0,74.5,96.0,928.21,0.0,57.6,14623.62,105,76,10,1,0,0,192,0,0,247.31,192
2015,6,15,2,4	1,1,6578.51666667,276.0,2896.98,4,164,10724.5,54.5,84.0,1069.83,0.0,50.4,12271.87,96,68,4,0,0,0,168,0,0,288.64,168
2015,10,10,2,4	1,1,5929.9,283.0,2975.62,3,169,11016.5,46.5,86.0,1057.21,0.0,51.6,12507.35,89,74,2,7,0,0,172,0,0,249.54,172
2015,6,19,2,4	1,1,6228.25,281.0,2896.12,1,162,10973.65,74.5,81.5,1339.68,0.0,48.9,12802.9,104,56,2,1,0,0,163,0,0,284.67,163
2015,1,7,2,4	1,1,4206.66666667,211.0,2243.29,3,128,8350.0,52.5,65.5,755.98,0.0,39.3,9482.29,60,66,5,0,0,0,131,0,0,219.01,131
2015,10,14,2,4	1,1,5243.21666667,244.0,2717.12,6,152,10226.0,68.0,78.0,1172.12,0.0,46.8,11844.72,89,68,1,0,0,0,158,0,0,253.8,158
2015,1,3,2,4	1,1,5761.45000001,189.0,1805.42,1,104,6544.5,27.0,52.5,537.9,0.0,17.4,7388.12,47,55,1,2,0,0,105,0,0,194.72,105
2015,8,24,2,4	1,1,5122.63333333,281.0,2779.62,1,168,12027.9,57.0,84.0,892.99,0.0,50.4,13387.03,79,82,4,4,0,0,169,0,0,274.74,169
2015,3,27,2,4	1,1,5472.23333333,246.0,2412.93,2,151,8918.5,60.0,76.5,1137.03,0.0,45.9,10497.53,95,51,6,1,0,0,153,0,0,259.6,153
2015,11,26,2,4	1,1,4385.65,217.0,2267.8,3,128,8180.67,23.3,65.0,787.08,0.0,39.0,9357.94,65,59,6,1,0,0,131,0,0,262.89,131
2015,11,22,2,4	1,1,3515.86666667,226.0,1933.14,4,125,7092.5,27.0,64.5,633.58,0.0,38.7,8108.52,65,57,7,0,0,0,129,0,0,252.24,129
2015,2,19,2,4	1,1,4963.11666667,277.0,2568.41,4,160,9453.5,68.6,82.0,951.31,0.0,49.2,10824.85,85,74,4,1,0,0,164,0,0,220.24,164
2015,2,15,2,4	1,1,2861.6,180.0,1615.39,2,107,5969.0,21.02,53.5,567.06,0.0,32.7,6815.97,53,48,6,2,0,0,109,0,0,173.29,109
2015,2,11,2,4	1,1,5176.48333333,221.0,2300.38,3,142,8550.0,69.0,72.5,1102.59,0.0,43.5,10087.1,82,55,7,1,0,0,145,0,0,249.51,145
2015,12,30,2,4	1,1,4796.35,219.0,2080.76,0,129,7721.9,60.54,64.5,703.62,0.0,38.7,8831.18,57,62,9,1,0,0,129,0,0,241.92,129
2015,5,3,2,4	1,1,6552.05,240.0,2204.95,2,144,8077.0,29.0,72.0,840.21,0.0,43.8,9401.79,74,62,10,0,0,0,146,0,0,339.78,146
2015,8,31,2,4	1,1,7822.78333333,323.0,3273.02,2,188,14060.8,68.5,95.0,975.4,0.0,57.0,15629.71,91,94,3,2,0,0,190,0,0,373.01,190
2015,5,7,2,4	1,1,5563.46666667,225.0,2542.56,3,145,9791.14,65.5,74.0,1243.56,0.0,44.4,11463.57,92,47,9,0,0,0,148,0,0,244.97,148
2015,9,7,2,4	1,1,4149.25,261.0,2516.92,1,147,10221.78,30.5,74.0,712.18,0.0,44.1,11344.88,74,70,3,1,0,0,148,0,0,262.32,148
2015,9,3,2,4	1,1,6125.25,276.0,2868.19,3,162,12365.0,64.5,82.5,1021.65,0.0,49.5,13936.73,86,74,4,1,0,0,165,0,0,353.58,165
2015,5,18,2,4	1,1,6797.71666667,272.0,2803.43,3,165,10754.95,65.0,84.0,1332.45,0.0,50.4,12563.68,99,64,4,1,0,0,168,0,0,276.88,168
2015,3,30,2,4	1,1,4727.7,219.0,2202.03,1,134,8312.85,62.0,67.5,842.78,0.0,40.5,9526.62,74,58,2,1,0,0,135,0,0,200.99,135
2015,5,10,2,4	1,1,4327.33333333,232.0,2327.27,1,126,8620.0,36.0,63.5,946.47,0.0,38.1,9967.34,76,50,1,0,0,0,127,0,0,263.27,127
2015,5,14,2,4	1,1,7045.11666667,251.0,2481.56,3,144,9645.75,68.0,73.5,1329.17,0.0,44.1,11475.36,97,49,0,1,0,0,147,0,0,314.84,147
2015,9,25,2,4	1,1,6643.88333333,326.0,3332.72,5,190,12741.6,82.5,97.5,1282.68,0.0,58.5,14656.97,107,83,3,2,0,0,195,0,0,394.19,195
2015,12,27,2,4	1,1,3224.66666667,169.0,1649.92,2,101,5847.0,21.0,51.5,584.96,0.0,30.9,6913.69,48,51,4,0,0,0,103,0,0,378.33,103
2015,12,23,2,4	1,1,6173.28333333,221.0,2338.92,2,125,9210.5,58.0,63.5,933.08,0.0,38.1,10500.44,73,52,1,1,0,0,127,0,0,197.26,127
2015,7,30,2,4	1,1,7029.4,315.0,3062.11,3,176,11697.0,85.0,89.5,1254.86,0.0,53.7,13593.86,102,74,3,0,0,0,179,0,0,413.8,179
2015,3,23,2,4	1,1,4935.48333333,234.0,2451.04,3,154,9219.0,64.5,78.5,1118.16,0.0,47.1,10807.47,92,53,10,2,0,0,157,0,0,280.21,157
2015,1,14,2,4	1,1,4040.28333333,198.0,1817.1,2,120,6903.5,47.5,61.0,847.22,0.0,36.3,8121.21,75,43,3,1,0,0,122,0,0,225.69,122
2015,4,24,2,4	1,1,8628.2,289.0,3006.48,3,168,11068.95,75.0,85.5,1284.07,0.0,51.3,12842.67,101,66,3,1,0,0,171,0,0,277.85,171
2015,1,10,2,4	1,1,4677.88333333,187.0,1611786.81,2,103,7357.0,29.0,52.5,606.14,0.0,31.5,8204.79,49,52,4,0,0,0,105,0,0,128.65,105
2015,4,20,2,4	1,1,5099.95,246.0,2572.84,2,139,9253.5,55.5,70.5,1038.56,0.0,42.3,10775.01,79,56,5,1,0,0,141,0,0,314.65,141
2015,1,18,2,4	1,1,4580.23333333,226.0,2337.51,4,142,8455.5,25.5,73.0,778.09,0.0,43.2,9671.21,69,76,1,0,0,0,146,0,0,295.92,146
2015,4,28,2,4	1,1,5129.3,240.0,2597.98,3,151,9962.0,63.5,77.0,1123.61,0.0,46.2,11562.97,80,68,3,3,0,0,154,0,0,290.66,154
2015,9,29,2,4	1,1,4627.56666667,223.0,2438.49,2,145,8846.64,59.0,73.5,1134.38,0.0,44.1,10392.85,87,52,7,1,0,0,147,0,0,235.23,147
2015,4,4,2,4	1,1,3233.76666667,161.0,1788.68,0,86,6566.5,18.5,43.0,503.78,0.0,25.8,7413.25,37,48,1,0,0,0,86,0,0,255.67,86
2015,4,8,2,4	1,1,4369.88333333,245.0,2290.34,2,142,8209.5,66.5,72.0,828.57,0.0,42.9,9471.73,70,74,0,0,0,0,144,0,0,252.26,144
2015,7,23,2,4	1,1,5986.55,284.0,2845.99,0,171,10630.5,69.0,85.0,1286.56,0.0,51.3,12324.56,102,64,4,1,0,0,171,0,0,202.2,171
2015,7,27,2,4	1,1,5278.9,300.0,2949.71,5,159,10993.5,61.0,81.5,1067.12,0.0,48.9,12544.93,86,77,1,0,0,0,164,0,0,292.91,164
2015,7,9,2,4	1,1,5809.03333333,272.0,2623.98,4,159,9539.5,73.5,81.5,942.57,0.0,48.9,10942.69,90,70,3,0,0,0,163,0,0,256.72,163
2015,8,4,2,4	1,1,4941.06666667,254.0,2560.59,4,145,9563.0,51.0,74.5,975.17,0.0,44.7,10893.48,80,67,2,0,0,0,149,0,0,185.11,149
2015,3,12,2,4	1,1,6150.06666667,255.0,2646.99,3,160,9935.5,76.5,81.5,1342.43,0.0,48.9,11819.95,104,53,3,3,0,0,163,0,0,335.12,163
2015,7,1,2,4	1,1,4423.63333333,234.0,2169.16,7,129,8072.35,56.5,68.0,818.49,0.0,40.8,9267.59,71,63,2,0,0,0,136,0,0,211.45,136
2015,3,16,2,4	1,1,7388.75,304.0,3144.4,6,179,11941.5,80.5,92.5,1181.23,0.0,55.5,13669.27,92,87,3,3,0,0,185,0,0,318.04,185
2015,7,5,2,4	1,1,3559.9,204.0,1848.25,2,124,6647.5,25.5,63.0,391.49,0.0,37.8,7344.52,47,76,2,1,0,0,126,0,0,179.23,126
2015,4,13,2,4	1,1,7023.93333333,390.0,3376.11,10,222,12717.3,91.5,116.0,1052.14,0.0,69.6,14357.23,109,115,3,5,0,0,232,0,0,310.69,232
2015,7,16,2,4	1,1,6780.41666667,305.0,2932.26,3,172,11052.0,76.0,87.5,1364.61,0.0,52.5,12854.38,111,62,2,0,0,0,175,0,0,221.77,175
2015,7,12,2,4	1,1,5706.95,269.0,3008.68,6,159,11445.0,27.0,82.5,900.06,0.0,49.5,12861.23,81,79,5,0,0,0,165,0,0,357.17,165
2015,4,17,2,4	1,1,5277.55,237.0,2560.0,4,151,9279.5,68.5,77.5,1088.89,0.0,46.5,10866.29,94,56,3,2,0,0,155,0,0,305.4,155
2015,5,21,2,5	1,1,26864.2666667,1709.0,9131.0,22,1338,78405.31,0.5,167.0,9295.03,0.0,394.2,92565.28,1006,262,79,13,0,0,1360,0,0,4303.24,1360
2015,5,25,2,5	1,1,15814.9833333,1583.0,6960.51,14,1042,59543.88,0.0,138.0,6711.94,0.0,305.7,70231.86,801,201,47,7,0,0,1056,0,0,3532.34,1056
2015,5,29,2,5	1,1,24644.15,1648.0,8203.01,33,1225,70721.66,2.0,159.0,7962.03,0.0,365.4,82875.48,945,229,69,15,0,0,1258,0,0,3665.39,1258
2015,11,2,2,5	1,1,22157.8666667,1493.0,8318.34,27,1106,68688.38,0.0,148.0,7955.73,0.0,328.8,81172.55,858,199,67,9,0,0,1133,0,0,4051.64,1133
2015,10,25,2,5	1,1,23512.25,2076.0,8381.58,19,1403,80694.37,0.5,200.0,9438.58,0.0,411.6,95130.96,1037,299,72,14,0,0,1422,0,0,4385.91,1422
2015,3,9,2,5	1,1,17232.0,1433.0,7605.43,17,1135,71873.79,999.99,138.0,8714.21,0.0,330.3,86788.51,921,165,51,15,0,0,1152,0,0,4735.22,1152
2015,3,5,2,5	1,1,21418.4833333,1535.0,7109.02,19,1268,75389.56,0.5,146.0,8663.27,0.0,375.9,88454.81,1005,198,71,13,0,0,1287,0,0,3881.38,1287
2015,6,22,2,5	1,1,20251.2833333,1448.0,8832.53,15,1096,72675.11,1.5,147.5,8704.55,0.0,326.4,85843.21,881,171,50,9,0,0,1111,0,0,3988.15,1111
2015,3,1,2,5	1,1,24718.8,2084.0,8874.65,13,1481,86275.88,0.5,211.0,9654.76,0.0,438.3,100455.33,1174,226,78,16,0,0,1494,0,0,3879.09,1494
2015,6,26,2,5	1,1,25279.35,1919.0,8812.31,27,1418,85605.56,2.6,179.0,9553.97,0.0,417.9,100253.84,1119,235,62,29,0,0,1445,0,0,4495.61,1445
2015,11,19,2,5	1,1,23045.4333333,1548.0,8157.85,17,1251,78017.74,1.0,173.5,9765.6,0.0,370.8,92912.02,1005,187,60,16,0,0,1268,0,0,4583.38,1268
2015,9,21,2,5	1,1,17332.85,1402.0,7995.67,20,1051,71484.15,0.5,135.0,8347.14,0.0,309.3,83944.24,788,200,66,17,0,0,1071,0,0,3668.15,1071
2015,12,12,2,5	1,1,30032.2166667,2174.0,9163.31,17,1536,81070.9,0.0,239.5,9464.27,0.0,445.5,98153.51,1151,280,98,24,0,0,1553,0,0,6933.34,1553
2015,11,15,2,5	1,1,29472.2833333,2278.0,9955.12,23,1562,90015.65,0.5,220.5,10010.01,0.0,465.0,105988.5,1194,288,75,28,0,0,1585,0,0,5277.14,1585
2015,11,11,2,5	1,1,16524.05,1422.0,6600.73,27,1121,68120.34,0.0,151.5,8664.91,0.0,330.6,80880.09,860,210,63,15,0,0,1148,0,0,3612.74,1148
2015,1,29,2,5	1,1,17450.0666667,1480.0,7277.47,19,1224,70269.7,1.5,138.0,8614.42,0.0,360.3,83385.58,987,188,57,11,0,0,1243,0,0,4007.06,1243
2015,1,25,2,5	1,1,15715.1833333,1756.0,6786.46,16,1254,66216.13,0.5,183.0,7046.55,0.0,367.8,77111.35,980,223,48,19,0,0,1270,0,0,3305.77,1270
2015,1,21,2,5	1,1,21072.3166667,1467.0,7116.69,20,1173,68522.63,0.5,131.5,8467.49,0.0,345.3,81440.1,961,169,52,11,0,0,1193,0,0,3975.38,1193
2015,2,26,2,5	1,1,29539.6,1849.0,8584.8,21,1515,88516.47,1665.17,190.0,11103.24,0.0,445.5,106860.51,1264,204,54,14,0,0,1536,0,0,4942.53,1536
2015,2,22,2,5	1,1,19486.0,1982.0,8814.08,22,1383,80305.84,1.0,192.5,9236.85,0.0,412.8,94175.34,1097,239,52,17,0,0,1405,0,0,4031.15,1405
2015,6,6,2,5	1,1,19778.0833333,1968.0,7400.39,15,1380,70309.89,0.5,194.5,8100.69,0.0,400.5,83096.13,1070,239,74,12,0,0,1395,0,0,4090.05,1395
2015,2,6,2,5	1,1,19637.1,1578.0,6690.42,22,1274,74351.46,1.0,156.0,8745.51,0.0,376.5,87513.27,1029,202,51,14,0,0,1296,0,0,3885.2,1296
2015,2,2,2,5	1,1,22972.1,1468.0,8462.46,28,1132,74971.29,0.0,134.0,8729.54,0.0,338.7,88187.45,912,189,49,10,0,0,1160,0,0,4015.72,1160
2015,12,9,2,5	1,1,23533.2,1747.0,8916.77,20,1364,79287.42,1.0,193.5,10612.28,0.0,403.8,95271.02,1067,229,77,11,0,0,1384,0,0,4773.02,1384
2015,12,5,2,5	1,1,22978.3833333,2012.0,7966.64,22,1434,72324.0,0.5,204.0,8287.84,0.0,423.0,85527.86,1094,277,70,15,0,0,1456,0,0,4294.06,1456
2015,12,1,2,5	1,1,19045.25,1320.0,6851.5,29,1029,64214.12,1.0,135.5,7421.38,0.0,311.7,75573.54,789,207,50,12,0,0,1058,0,0,3489.84,1058
2015,11,6,2,5	1,1,26376.6666667,1754.0,8393.67,32,1307,78038.55,2.5,172.0,9570.61,0.0,392.1,92292.6,1022,223,79,15,0,0,1339,0,0,4116.84,1339
2015,12,16,2,5	1,1,25928.2166667,1827.0,9029.9,14,1456,87665.62,1.5,203.0,12055.35,0.0,426.3,105405.64,1165,218,72,15,0,0,1470,0,0,5053.87,1470
2015,8,17,2,5	1,1,16382.25,1317.0,7408.95,7,931,62610.4,0.0,125.5,7844.58,0.0,273.3,74216.63,706,184,38,10,0,0,938,0,0,3362.85,938
2015,10,21,2,5	1,1,28557.45,1521.0,8459.56,17,1213,74707.59,1.0,176.0,10108.61,0.0,356.7,91234.03,963,197,59,11,0,0,1230,0,0,5884.13,1230
2015,10,7,2,5	1,1,24512.4666667,1500.0,7616.55,36,1149,73399.2,0.5,172.5,10182.7,0.0,341.4,87946.05,889,224,60,12,0,0,1185,0,0,3850.55,1185
2015,6,2,2,5	1,1,23243.3333333,1525.0,9789.63,17,1202,78727.02,1.0,144.0,10139.97,0.0,354.6,93848.55,954,192,57,16,0,0,1219,0,0,4481.96,1219
2015,10,29,2,5	1,1,27811.2333333,1630.0,8284.93,22,1232,77002.97,2.0,175.0,9540.63,0.0,367.2,91520.55,956,216,71,11,0,0,1254,0,0,4432.75,1254
2015,10,3,2,5	1,1,18767.95,1749.0,8029.23,30,1234,66910.93,0.0,176.0,7075.75,0.0,364.8,78367.94,898,280,51,35,0,0,1264,0,0,3840.46,1264
2015,9,18,2,5	1,1,26903.25,1772.0,7842.3,26,1344,77158.84,0.0,199.5,9681.74,0.0,398.4,91407.38,1038,233,84,15,0,0,1370,0,0,3968.9,1370
2015,9,14,2,5	1,1,23031.1333333,1406.0,8456.76,21,1053,73535.27,0.5,142.0,8842.73,0.0,312.3,87104.62,830,174,50,20,0,0,1074,0,0,4271.82,1074
2015,9,10,2,5	1,1,25012.5333333,1701.0,8643.59,18,1262,78130.85,0.0,174.0,9673.37,0.0,375.9,93155.77,1007,208,51,14,0,0,1280,0,0,4801.65,1280
2015,10,18,2,5	1,1,29811.9166667,2245.0,10139.24,28,1507,91189.07,0.5,216.5,10085.96,0.0,444.0,107109.09,1148,298,74,15,0,0,1535,0,0,5173.06,1535
2015,6,11,2,5	1,1,27202.35,1744.0,9132.95,22,1330,79143.76,2.0,160.5,9825.14,0.0,391.5,94009.02,1058,233,58,3,0,0,1352,0,0,4486.12,1352
2015,8,28,2,5	1,1,20070.7166667,1579.0,7593.82,21,1168,69467.19,0.0,147.5,7182.62,0.0,345.9,80899.3,861,239,78,11,0,0,1189,0,0,3756.39,1189
2015,6,15,2,5	1,1,25332.4,1588.0,9806.87,18,1163,82876.21,0.5,153.0,9931.21,0.0,343.5,97873.88,940,186,41,14,0,0,1181,0,0,4569.46,1181
2015,10,10,2,5	1,1,27889.65,2055.0,10066.26,25,1428,80662.77,0.0,184.0,8597.94,0.0,418.8,94464.46,1052,303,77,21,0,0,1453,0,0,4600.95,1453
2015,6,19,2,5	1,1,23815.4166667,1844.0,9181.0,24,1372,79536.91,1.0,194.0,9863.2,0.0,408.0,94475.2,1060,248,71,17,0,0,1396,0,0,4472.09,1396
2015,1,7,2,5	1,1,17007.7666667,1421.0,6854.91,24,1127,69680.48,0.0,131.5,7964.65,0.0,326.4,82150.23,884,200,51,16,0,0,1151,0,0,4049.6,1151
2015,10,14,2,5	1,1,21434.3333333,1412.0,7431.87,29,1069,67535.97,0.0,147.0,8159.99,0.0,316.5,79829.75,834,204,47,13,0,0,1098,0,0,3670.29,1098
2015,1,3,2,5	1,1,16264.2833333,1644.0,6579.87,21,1040,59160.66,0.5,126.0,5558.02,0.0,160.5,68260.51,799,210,34,18,0,0,1061,0,0,3107.23,1061
2015,8,24,2,5	1,1,17455.7333333,1329.0,6746.32,23,962,60322.92,0.0,131.0,6667.11,0.0,285.3,70604.15,726,194,51,14,0,0,985,0,0,3197.82,985
2015,3,27,2,5	1,1,22284.6333333,1792.0,8950.31,19,1418,87070.19,1.0,208.5,10617.83,0.0,414.0,103033.24,1152,209,67,9,0,0,1437,0,0,4727.12,1437
2015,11,26,2,5	1,1,16176.9,1337.0,5825.62,13,867,48971.53,0.5,129.5,5219.71,0.0,254.7,56982.34,634,198,41,7,0,0,880,0,0,2406.4,880
2015,11,22,2,5	1,1,20098.9833333,1785.0,7756.94,25,1249,70237.81,0.5,163.5,7640.88,0.0,370.5,82077.16,933,242,80,19,0,0,1274,0,0,3663.97,1274
2015,2,19,2,5	1,1,18958.2166667,1727.0,7468.31,18,1374,74298.01,2.0,179.5,8579.17,0.0,400.5,87710.53,1125,190,51,26,0,0,1392,0,0,4256.95,1392
2015,2,15,2,5	1,1,21438.3833333,1997.0,8599.18,20,1378,70016.66,0.5,184.0,8181.47,0.0,411.6,82696.48,1069,259,56,14,0,0,1398,0,0,3920.4,1398
2015,2,11,2,5	1,1,18244.0,1548.0,7377.44,26,1268,75448.02,1.5,149.0,9224.88,0.0,369.3,89493.22,1041,187,48,18,0,0,1294,0,0,4302.92,1294
2015,12,30,2,5	1,1,15963.35,1147.0,4614.24,14,785,43015.24,1.5,109.0,4669.15,0.0,233.1,50358.2,584,157,42,16,0,0,799,0,0,2330.21,799
2015,5,3,2,5	1,1,26334.2,2257.0,10540.22,23,1549,89690.32,0.0,188.5,10576.32,0.0,457.5,106317.47,1203,295,57,17,0,0,1572,0,0,5404.83,1572
2015,8,31,2,5	1,1,15645.6166667,1236.0,5821.03,17,888,56499.86,0.0,123.5,5961.96,0.0,264.6,66126.74,682,171,42,10,0,0,905,0,0,3276.82,905
2015,5,7,2,5	1,1,25514.6333333,1763.0,8722.62,24,1386,82191.17,1.0,175.0,9918.23,0.0,407.1,97393.12,1089,240,63,18,0,0,1410,0,0,4700.62,1410
2015,9,7,2,5	1,1,13791.75,1464.0,6721.53,18,970,58246.91,0.0,134.5,6018.06,0.0,288.3,67408.72,728,207,44,9,0,0,988,0,0,2720.95,988
2015,9,3,2,5	1,1,20034.7833333,1601.0,6511.86,20,1180,68432.02,0.0,157.5,7915.82,0.0,350.1,80805.05,925,186,74,15,0,0,1200,0,0,3949.61,1200
2015,5,18,2,5	1,1,24520.2833333,1644.0,9695.89,21,1218,81611.14,0.0,158.5,9648.13,0.0,360.6,96654.06,958,207,53,21,0,0,1239,0,0,4875.69,1239
2015,3,30,2,5	1,1,17236.3166667,1361.0,6379.21,9,1053,63409.89,1.0,144.5,6835.44,0.0,306.3,74280.18,835,175,37,15,0,0,1062,0,0,3586.65,1062
2015,5,10,2,5	1,1,27684.0166667,2108.0,9600.84,22,1464,83208.06,0.0,202.0,9524.5,0.0,428.1,98056.82,1117,289,64,16,0,0,1486,0,0,4694.16,1486
2015,5,14,2,5	1,1,31723.2833333,1964.0,10434.19,27,1486,91362.05,0.0,191.5,12175.78,0.0,442.5,109659.76,1210,234,59,10,0,0,1513,0,0,5487.93,1513
2015,9,25,2,5	1,1,23150.7,1690.0,8060.04,24,1266,79101.35,0.5,191.5,8571.25,0.0,374.4,92408.7,977,238,65,10,0,0,1290,0,0,4169.7,1290
2015,12,27,2,5	1,1,13440.0166667,1706.0,6487.24,19,1036,59685.6,0.0,157.5,5582.47,0.0,306.0,69136.2,729,251,67,8,0,0,1055,0,0,3404.63,1055
2015,12,23,2,5	1,1,19546.9333333,1457.0,7046.09,11,1047,65440.49,0.5,140.0,6952.15,0.0,302.4,76150.36,771,210,68,9,0,0,1058,0,0,3314.82,1058
2015,7,30,2,5	1,1,26135.3833333,1671.0,9488.05,21,1273,80332.92,2.5,164.5,9903.43,0.0,377.1,95886.49,999,224,56,15,0,0,1294,0,0,5106.04,1294
2015,3,23,2,5	1,1,23079.0166667,1457.0,7742.79,15,1140,75629.88,0.5,150.5,8612.88,0.0,334.2,89093.22,939,160,44,12,0,0,1155,0,0,4368.56,1155
2015,1,14,2,5	1,1,17351.55,1639.0,7269.16,26,1319,70236.73,0.5,158.0,9340.42,0.0,386.1,84082.37,1075,187,71,12,0,0,1345,0,0,3964.22,1345
2015,4,24,2,5	1,1,23156.25,1787.0,9537.15,21,1374,82348.75,0.5,182.0,9378.49,0.0,397.8,96996.92,1069,232,74,20,0,0,1395,0,0,4689.38,1395
2015,1,10,2,5	1,1,17843.15,1909.0,6032.0,13,1410,66982.62,0.0,172.0,7777.14,0.0,412.5,78253.74,1087,261,60,14,1,0,1423,0,0,2915.48,1423
2015,4,20,2,5	1,1,20988.5166667,1346.0,8236.96,15,1059,73610.51,499.22,132.0,8302.06,0.0,309.3,86759.08,857,157,43,17,0,0,1074,0,0,3919.84,1074
2015,1,18,2,5	1,1,21494.0333333,1854.0,6889.7,28,1303,68653.84,0.5,159.0,7016.86,0.0,386.4,80004.7,1014,234,56,27,0,0,1331,0,0,3795.9,1331
2015,4,28,2,5	1,1,18027.3833333,1400.0,7272.19,24,1074,64299.65,0.5,136.5,7409.05,0.0,312.6,75897.35,850,195,43,10,0,0,1098,0,0,3739.05,1098
2015,9,29,2,5	1,1,19615.6833333,1589.0,8052.36,26,1198,74338.72,0.0,158.0,8259.06,0.0,354.3,87525.51,893,262,57,12,0,0,1224,0,0,4415.43,1224
2015,4,4,2,5	1,1,16445.95,1732.0,6484.88,23,1162,57146.97,0.5,169.5,6107.04,0.0,345.0,67133.05,870,239,66,10,0,0,1185,0,0,3367.64,1185
2015,4,8,2,5	1,1,17140.0166667,1456.0,6799.73,21,1100,65061.2,1.0,127.5,7857.01,0.0,321.3,77101.94,912,157,42,10,0,0,1121,0,0,3735.73,1121
2015,7,23,2,5	1,1,28580.35,1630.0,7777.96,19,1188,70597.82,1.0,157.5,8104.31,0.0,346.2,83876.39,911,235,51,10,0,0,1207,0,0,4669.56,1207
2015,7,27,2,5	1,1,17183.4166667,1407.0,7196.08,13,1007,64342.06,0.0,139.0,7405.31,0.0,298.5,75391.84,787,184,37,12,0,0,1020,0,0,3206.97,1020
2015,7,9,2,5	1,1,20146.3,1605.0,7793.36,15,1186,68982.45,1.0,156.0,8116.04,0.0,348.3,81824.87,926,208,55,12,0,0,1201,0,0,4221.08,1201
2015,8,4,2,5	1,1,18140.0166667,1377.0,7449.09,26,1002,63606.54,0.0,126.5,7125.73,0.0,298.8,74889.14,771,194,43,20,0,0,1028,0,0,3731.57,1028
2015,3,12,2,5	1,1,21265.05,1841.0,9123.28,20,1492,87559.43,1000.99,190.5,10724.48,0.0,435.9,106098.57,1243,203,50,16,0,0,1512,0,0,6201.62,1512
2015,7,1,2,5	1,1,17833.1666667,1485.0,6696.71,25,1110,62010.57,1.5,140.5,8251.38,0.0,329.4,74153.76,877,183,67,8,0,0,1135,0,0,3420.71,1135
2015,3,16,2,5	1,1,16414.4833333,1479.0,8262.04,31,1158,73773.13,1.0,142.5,8791.61,0.0,346.2,87233.34,919,202,54,14,0,0,1189,0,0,4184.3,1189
2015,7,5,2,5	1,1,24096.5333333,1571.0,7009.21,15,1000,63284.52,0.0,150.5,6541.05,0.0,297.0,73311.92,757,201,46,11,0,0,1015,0,0,3038.85,1015
2015,4,13,2,5	1,1,16871.8666667,1404.0,6957.43,36,1051,68417.26,0.5,124.5,7623.06,0.0,312.6,80050.34,821,189,61,16,0,0,1087,0,0,3573.02,1087
2015,7,16,2,5	1,1,30317.5666667,1917.0,9545.09,13,1380,92018.68,0.0,179.0,9944.23,0.0,402.6,107129.89,1080,231,59,23,0,0,1393,0,0,4585.38,1393
2015,7,12,2,5	1,1,20377.5833333,1976.0,9205.98,23,1340,81032.83,0.5,184.0,9411.55,0.0,394.2,94943.21,982,267,97,17,0,0,1363,0,0,3920.13,1363
2015,4,17,2,5	1,1,20944.4666667,1821.0,8116.24,19,1357,80069.09,1.0,174.5,9664.47,0.0,399.0,94833.57,1097,225,46,8,0,0,1376,0,0,4526.71,1376
2015,5,21,2,6	1,0,3.58333333334,9.0,1.8,0,9,29.5,0.0,4.5,9.0,0.0,2.7,45.7,2,2,2,3,0,0,9,0,0,0.0,9
2015,5,25,2,6	1,0,9.03333333333,6.0,25.8,0,6,107.56,0.0,3.0,0.0,0.0,1.8,112.36,0,3,3,0,0,0,6,0,0,0.0,6
2015,5,29,2,6	1,0,1.88333333333,5.0,0.1,0,5,259.09,0.0,2.5,0.0,0.0,1.5,263.09,0,2,3,0,0,0,5,0,0,0.0,5
2015,11,2,2,6	1,0,50.4166666666,9.0,12.2,1,8,57.0,0.5,4.0,16.46,0.0,2.7,80.66,2,3,4,0,0,0,9,0,0,0.0,9
2015,10,25,2,6	1,0,5.9,2.0,1.3,0,2,5.0,0.0,1.0,0.0,0.0,0.6,6.6,0,1,0,1,0,0,2,0,0,0.0,2
2015,3,9,2,6	1,1,0.233333333333,3.0,0.0,0,3,12.5,0.0,1.5,1.0,0.0,0.9,15.9,1,0,2,0,0,0,3,0,0,0.0,3
2015,3,5,2,6	1,1,1.08333333333,10.0,0.7,0,10,20.0,0.0,4.0,0.0,0.0,3.0,26.4,0,8,1,1,0,0,10,0,0,0.0,10
2015,6,22,2,6	1,0,3.36666666667,5.0,4.0,0,5,12.5,0.0,2.5,0.0,0.0,1.5,16.5,0,4,1,0,0,0,5,0,0,0.0,5
2015,3,1,2,6	1,0,0.466666666667,3.0,5.9,0,3,7.5,0.0,1.5,0.0,0.0,0.9,9.9,0,1,1,1,0,0,3,0,0,0.0,3
2015,6,26,2,6	1,0,45.3666666666,5.0,3.7,0,5,18.5,0.0,2.5,0.0,0.0,1.5,22.5,0,3,2,0,0,0,5,0,0,0.0,5
2015,11,19,2,6	1,0,3.91666666667,4.0,0.1,0,3,6.0,0.0,1.5,0.0,0.0,0.9,8.4,0,3,0,0,0,0,3,0,0,0.0,3
2015,9,21,2,6	1,1,52.2,6.0,10.07,1,5,10.0,0.0,2.0,0.0,0.0,1.2,13.2,0,3,3,0,0,0,6,0,0,0.0,6
2015,12,12,2,6	1,1,1.55,5.0,0.0,0,5,15.5,0.0,2.5,0.0,0.0,1.5,19.5,0,3,2,0,0,0,5,0,0,0.0,5
2015,11,15,2,6	1,0,25.2333333333,7.0,6.4,0,6,15.0,0.0,3.0,0.0,0.0,1.8,29.55,0,5,1,0,0,0,6,0,0,9.75,6
2015,11,11,2,6	1,1,74.2333333334,6.0,8.0,0,6,16.0,0.0,3.0,0.0,0.0,1.8,20.8,0,3,2,1,0,0,6,0,0,0.0,6
2015,1,29,2,6	1,0,25.9,6.0,2.0,0,5,24.0,0.0,2.5,4.44,0.0,1.5,32.44,1,1,2,1,0,0,5,0,0,0.0,5
2015,1,25,2,6	1,1,9.85,8.0,21.36,0,8,30.0,0.0,4.0,0.0,0.0,2.4,36.4,1,4,3,0,0,0,8,0,0,0.0,8
2015,1,21,2,6	1,0,32.0833333334,4.0,11.5,0,3,17.0,620.92,1.5,0.0,0.0,0.9,640.32,0,3,0,0,0,0,3,0,0,0.0,3
2015,2,26,2,6	1,1,2.8,7.0,13.7,1,6,15.5,0.0,2.5,0.0,0.0,2.1,19.5,0,2,5,0,0,0,7,0,0,0.0,7
2015,2,22,2,6	1,1,88.9666666667,4.0,3.8,0,4,75.5,0.0,2.0,3.0,0.0,1.2,81.7,1,3,0,0,0,0,4,0,0,0.0,4
2015,6,6,2,6	1,0,0.25,2.0,0.0,0,2,5.0,0.0,1.0,0.0,0.0,0.6,6.6,0,1,1,0,0,0,2,0,0,0.0,2
2015,2,6,2,6	1,0,0.266666666667,4.0,2.8,0,4,10.0,0.0,2.0,5.0,0.0,1.2,18.2,1,3,0,0,0,0,4,0,0,0.0,4
2015,2,2,2,6	1,0,0.333333333333,2.0,0.0,0,2,5.0,0.0,1.0,0.0,0.0,0.6,6.6,0,2,0,0,0,0,2,0,0,0.0,2
2015,12,9,2,6	1,0,0.766666666667,8.0,0.2,0,8,22.0,0.0,4.0,0.0,0.0,2.4,28.4,0,3,4,1,0,0,8,0,0,0.0,8
2015,12,5,2,6	1,0,2.46666666666,7.0,0.0,0,4,10.0,0.0,2.0,0.0,0.0,1.2,13.2,0,4,0,0,0,0,4,0,0,0.0,4
2015,12,1,2,6	1,0,0.466666666667,2.0,0.4,0,2,5.0,0.0,1.0,0.0,0.0,0.6,6.6,0,1,1,0,0,0,2,0,0,0.0,2
2015,11,6,2,6	1,1,7.1,13.0,4.08,0,13,404.63,0.0,6.5,0.0,0.0,3.9,415.03,0,7,6,0,0,0,13,0,0,0.0,13
2015,12,16,2,6	1,0,542.966666667,7.0,19.8,1,5,76.0,0.0,2.5,10.0,0.0,1.8,95.84,1,3,1,1,0,0,6,0,0,5.54,6
2015,8,17,2,6	1,0,0.1,1.0,0.0,0,1,2.5,0.0,0.5,21.7,0.0,0.3,25.0,1,0,0,0,0,0,1,0,0,0.0,1
2015,10,21,2,6	1,0,0.116666666667,1.0,0.0,0,1,2.5,0.0,0.5,0.0,0.0,0.3,3.3,0,0,0,1,0,0,1,0,0,0.0,1
2015,10,7,2,6	1,1,225.266666667,4.0,22.63,0,4,11.0,0.0,2.0,0.0,0.0,1.2,14.2,0,1,3,0,0,0,4,0,0,0.0,4
2015,6,2,2,6	1,0,0.116666666667,2.0,0.0,0,2,5.0,0.0,1.0,0.0,0.0,0.6,6.6,0,2,0,0,0,0,2,0,0,0.0,2
2015,10,29,2,6	1,0,0.316666666667,3.0,0.0,0,3,8.5,0.0,1.5,0.0,0.0,0.9,10.9,0,2,1,0,0,0,3,0,0,0.0,3
2015,10,3,2,6	1,0,0.116666666667,2.0,0.0,0,2,46.8,0.0,1.0,0.0,0.0,0.6,48.4,0,2,0,0,0,0,2,0,0,0.0,2
2015,9,18,2,6	1,1,2.48333333334,3.0,0.5,0,3,7.5,0.0,1.5,0.0,0.0,0.9,9.9,0,2,1,0,0,0,3,0,0,0.0,3
2015,9,14,2,6	1,0,4.91666666666,4.0,1.3,0,4,10.0,0.0,2.0,2.0,0.0,1.2,15.2,1,2,1,0,0,0,4,0,0,0.0,4
2015,9,10,2,6	1,1,115.016666667,7.0,24.37,0,6,18.0,0.5,3.0,2.25,0.0,1.8,31.09,1,4,1,0,0,0,6,0,0,5.54,6
2015,10,18,2,6	1,1,0.983333333334,2.0,0.1,0,2,5.5,0.0,1.0,0.0,0.0,0.6,7.1,0,2,0,0,0,0,2,0,0,0.0,2
2015,6,11,2,6	1,0,30.55,6.0,22.8,0,6,15.0,0.5,3.0,0.0,0.0,1.8,20.3,0,4,2,0,0,0,6,0,0,0.0,6
2015,8,28,2,6	1,0,0.683333333333,5.0,14.8,0,4,8.5,0.0,2.0,0.0,0.0,1.2,11.7,0,4,0,0,0,0,4,0,0,0.0,4
2015,6,15,2,6	1,1,60.3833333333,6.0,10.29,0,6,30.3,0.0,2.5,0.0,0.0,1.8,34.6,1,3,2,0,0,0,6,0,0,0.0,6
2015,10,10,2,6	1,0,4.28333333333,3.0,0.0,0,3,7.5,0.0,1.5,3.0,0.0,0.9,12.9,1,1,1,0,0,0,3,0,0,0.0,3
2015,6,19,2,6	1,0,0.533333333334,2.0,1.2,0,2,5.0,0.0,1.0,0.0,0.0,0.6,6.6,0,2,0,0,0,0,2,0,0,0.0,2
2015,1,7,2,6	1,0,29.95,5.0,3.4,0,5,40.3,0.0,2.0,8.0,0.0,1.5,62.46,1,2,2,0,0,0,5,0,0,10.66,5
2015,10,14,2,6	1,0,1.46666666667,4.0,1.0,0,4,14.0,0.0,2.0,0.0,0.0,1.2,17.2,0,3,1,0,0,0,4,0,0,0.0,4
2015,1,3,2,6	1,0,1.08333333334,5.0,0.1,0,3,10.5,0.0,1.5,0.0,0.0,0.0,12.9,0,3,0,0,0,0,3,0,0,0.0,3
2015,8,24,2,6	1,0,2.95,4.0,0.0,0,4,16.0,0.0,2.0,0.0,0.0,1.2,19.2,0,0,4,0,0,0,4,0,0,0.0,4
2015,3,27,2,6	1,1,0.55,4.0,0.0,0,4,10.0,0.0,2.0,0.0,0.0,1.2,13.2,0,3,1,0,0,0,4,0,0,0.0,4
2015,11,26,2,6	1,0,31.85,6.0,8.2,0,6,20.0,0.5,3.0,0.0,0.0,1.8,25.3,0,2,3,1,0,0,6,0,0,0.0,6
2015,11,22,2,6	1,1,2.43333333333,7.0,0.3,0,7,15.5,0.0,2.5,0.0,0.0,1.5,19.5,0,3,4,0,0,0,7,0,0,0.0,7
2015,2,19,2,6	1,0,0.55,4.0,0.0,0,4,13.0,0.0,2.0,0.0,0.0,1.2,16.2,0,2,1,1,0,0,4,0,0,0.0,4
2015,2,11,2,6	1,0,0.666666666667,4.0,6.3,0,4,10.0,0.0,2.0,11.5,0.0,1.2,24.7,1,2,0,1,0,0,4,0,0,0.0,4
2015,12,30,2,6	1,0,96.25,3.0,13.9,0,3,22.5,1.0,1.5,4.45,0.0,0.9,30.35,1,2,0,0,0,0,3,0,0,0.0,3
2015,5,3,2,6	1,0,4.85,8.0,0.2,0,8,682.85,0.0,4.0,0.0,0.0,2.4,689.25,0,5,2,1,0,0,8,0,0,0.0,8
2015,8,31,2,6	1,0,1.0,5.0,11.5,0,4,12.0,0.0,2.0,9.0,0.0,1.2,24.2,1,1,2,0,0,0,4,0,0,0.0,4
2015,5,7,2,6	1,0,19.6166666667,4.0,5.6,0,4,12.0,0.0,2.0,0.0,0.0,1.2,15.2,0,3,1,0,0,0,4,0,0,0.0,4
2015,9,7,2,6	1,1,0.333333333333,4.0,11.9,0,4,13.0,0.0,2.0,0.0,0.0,1.2,16.2,0,3,1,0,0,0,4,0,0,0.0,4
2015,9,3,2,6	1,0,11.3666666667,7.0,11.2,1,5,19.0,0.0,3.0,12.5,0.0,1.8,36.3,2,1,3,0,0,0,6,0,0,0.0,6
2015,5,18,2,6	1,0,0.95,5.0,4.7,0,5,13.5,0.0,2.5,0.0,0.0,1.5,17.5,0,3,2,0,0,0,5,0,0,0.0,5
2015,3,30,2,6	1,0,2.8,5.0,0.0,0,5,12.5,0.0,2.5,5.0,0.0,1.5,21.5,1,3,1,0,0,0,5,0,0,0.0,5
2015,5,14,2,6	1,1,3.33333333333,6.0,0.54,0,6,17.0,0.0,3.0,0.0,0.0,1.8,21.8,0,4,2,0,0,0,6,0,0,0.0,6
2015,9,25,2,6	1,0,14.5833333333,7.0,2.8,0,5,16.55,0.0,2.5,0.0,0.0,1.5,20.55,0,5,0,0,0,0,5,0,0,0.0,5
2015,12,27,2,6	1,0,0.566666666667,3.0,0.0,0,3,8.5,0.0,1.5,0.0,0.0,0.9,10.9,0,3,0,0,0,0,3,0,0,0.0,3
2015,12,23,2,6	1,0,29.2833333334,7.0,10.4,1,5,18.0,0.0,3.0,0.0,0.0,1.8,22.8,0,3,2,1,0,0,6,0,0,0.0,6
2015,7,30,2,6	1,0,30.0666666666,6.0,11.7,0,6,44.8,0.0,2.5,45.92,0.0,1.8,95.02,2,1,3,0,0,0,6,0,0,0.0,6
2015,3,23,2,6	1,0,10.25,5.0,3.9,0,4,10.0,0.0,2.0,4.24,0.0,1.2,27.19,2,2,0,0,0,0,4,0,0,9.75,4
2015,1,14,2,6	1,0,20.95,4.0,3.4,0,4,21.8,0.0,1.5,1.0,0.0,1.2,25.5,1,0,1,2,0,0,4,0,0,0.0,4
2015,4,24,2,6	1,0,37.6833333334,4.0,9.5,0,4,11.0,0.0,2.0,0.0,0.0,1.2,14.2,0,2,2,0,0,0,4,0,0,0.0,4
2015,1,10,2,6	1,0,5.31666666666,9.0,1.8,1,7,22.0,0.0,4.0,0.0,0.0,2.4,28.4,0,4,2,2,0,0,8,0,0,0.0,8
2015,4,20,2,6	1,0,0.616666666666,5.0,0.0,0,5,12.5,0.0,2.5,8.5,0.0,1.5,25.0,1,0,4,0,0,0,5,0,0,0.0,5
2015,9,29,2,6	1,0,8.45,2.0,3.3,0,2,5.0,0.0,1.0,0.0,0.0,0.6,12.14,0,1,1,0,0,0,2,0,0,5.54,2
2015,4,28,2,6	1,0,3.36666666667,3.0,0.1,1,2,151.19,0.0,1.5,0.0,0.0,0.9,153.59,0,2,1,0,0,0,3,0,0,0.0,3
2015,1,18,2,6	1,0,0.133333333333,2.0,0.2,0,2,5.0,0.0,1.0,0.0,0.0,0.6,6.6,0,0,0,2,0,0,2,0,0,0.0,2
2015,4,4,2,6	1,0,2.36666666667,5.0,0.3,0,5,12.5,0.0,2.5,0.0,0.0,1.5,16.5,0,4,1,0,0,0,5,0,0,0.0,5
2015,4,8,2,6	1,1,45.9166666666,16.0,15.5,0,13,33.5,0.0,5.5,1.25,0.0,3.3,49.09,1,8,4,0,0,0,13,0,0,5.54,13
2015,7,23,2,6	1,0,0.4,3.0,0.0,0,2,2.5,0.0,0.5,0.0,0.0,0.6,3.6,0,2,0,0,0,0,2,0,0,0.0,2
2015,7,27,2,6	1,1,30.6,9.0,13.33,0,6,16.0,0.0,3.0,0.0,0.0,1.8,32.55,0,4,1,1,0,0,6,0,0,11.75,6
2015,7,9,2,6	1,0,33.3166666666,5.0,49.8,0,5,12.5,0.0,2.5,0.0,0.0,1.5,22.04,0,4,1,0,0,0,5,0,0,5.54,5
2015,8,4,2,6	1,0,0.55,4.0,0.6,0,4,662.85,0.0,2.0,0.0,0.0,1.2,666.05,0,1,0,3,0,0,4,0,0,0.0,4
2015,3,12,2,6	1,0,0.6,1.0,0.0,0,1,2.5,0.0,0.5,72.0,0.0,0.3,75.3,1,0,0,0,0,0,1,0,0,0.0,1
2015,7,1,2,6	1,1,8.33333333334,7.0,17.75,0,6,17.0,0.0,3.0,0.0,0.0,1.8,21.8,0,4,2,0,0,0,6,0,0,0.0,6
2015,3,16,2,6	1,0,47.4166666666,6.0,11.5,0,6,57.5,0.0,2.0,9.52,0.0,1.8,76.15,1,2,1,2,0,0,6,0,0,5.33,6
2015,7,5,2,6	1,0,4.23333333334,3.0,4.8,0,3,10.5,0.0,1.5,0.0,0.0,0.9,12.9,0,1,2,0,0,0,3,0,0,0.0,3
2015,4,13,2,6	1,0,0.166666666667,1.0,0.0,0,1,2.5,0.0,0.5,0.0,0.0,0.3,3.3,0,1,0,0,0,0,1,0,0,0.0,1
2015,7,16,2,6	1,0,40.1666666666,6.0,7.3,0,6,28.5,0.0,3.0,0.0,0.0,1.8,33.3,1,4,1,0,0,0,6,0,0,0.0,6
2015,7,12,2,6	1,0,1.11666666667,6.0,14.5,0,6,19.0,0.0,3.0,0.0,0.0,1.8,23.8,0,3,3,0,0,0,6,0,0,0.0,6
2015,4,17,2,6	1,0,57.0,5.0,1.0,1,4,12.5,0.0,2.5,1.0,0.0,1.5,17.5,1,1,2,1,0,0,5,0,0,0.0,5
