2015,1,30,2,1 	1 1 6685397.08333 785933.0 1155641.36 6411 467814 5389074.02 184854.0 236910.5 730305.14 0.0 142221.3 6752871.21997 305412 166972 1397 444 0 0 474225 0 0 69455.31 474225
2015,5,23,2,1 	1 1 4795820.21667 658556.0 8555096.79 2691 370457 4228645.9 79464.3 186448.0 476456.04 0.0 111865.800001 5129715.29998 204631 166753 1324 440 0 0 373148 0 0 46787.05 373148
2015,11,8,2,1 	1 1 6095509.9 652105.0 4502504.77 2561 376731 4471610.5 74949.5 189497.0 588291.47 0.0 113702.700001 5523712.89998 239563 137988 1317 424 0 0 379292 0 0 85662.53 379292
2015,11,4,2,1 	1 1 6456876.7 611439.0 968107.24 3305 370656 4565413.71 140353.3 186865.1 651530.92 0.0 112107.000001 5740189.14998 247174 125332 1096 359 0 0 373961 0 0 83920.72 373961
2015,6,28,2,1 	1 1 4880586.58333 585619.0 972267.73 2164 334699 4151128.13 73623.0 168279.5 516280.09 0.0 100979.200001 5083095.44998 202692 132476 1275 420 0 0 336863 0 0 72726.31 336863
2015,5,12,2,1 	1 1 6228481.53333 679274.0 1082299.31 3298 410159 5064111.1 152959.85 206605.0 696355.15 0.0 123955.500001 6333436.15997 265206 146630 1173 448 0 0 413457 0 0 89312.49 413457
2015,3,7,2,1 	1 1 6808315.63333 858150.0 16858510.56 3817 490857 5595015.17 103066.0 247129.5 701519.32 0.0 148383.6 6855749.10996 304192 188450 1523 509 0 0 494674 0 0 57320.13 494674
2015,6,20,2,1 	1 1 5487394.16667 703623.0 1061402.53 2686 401670 4634808.66 86736.8 202044.0 561962.47 0.0 121208.700001 5658477.72997 240377 162232 1304 443 0 0 404356 0 0 45314.82 404356
2015,3,3,2,1 	1 1 6937481.98333 632678.0 7660853.05 3222 386006 4694197.52 132192.4 194447.0 647247.65 0.0 116755.500001 5856062.69998 251433 136282 1144 369 0 0 389228 0 0 71237.84 389228
2015,10,27,2,1 	1 1 5764204.36667 609700.0 948519.88 2868 369227 4454001.84 139709.25 185870.0 623225.54 0.0 111538.170001 5592158.29998 241906 128741 1086 362 0 0 372095 0 0 77814.3 372095
2015,11,17,2,1 	1 1 5972870.56667 606000.0 964100.1 2696 372326 4527302.15 140470.0 187355.5 659599.24 0.0 112412.700001 5712687.50998 251904 121558 1164 396 0 0 375022 0 0 85554.26 375022
2015,11,13,2,1 	1 1 6893978.4 689940.0 1081628.43 3052 413446 5078420.95 161891.0 208097.0 704734.28 0.0 124853.700001 6369177.61997 272261 142314 1444 479 0 0 416498 0 0 91182.29 416498
2015,12,10,2,1 	1 1 7018751.23333 647394.0 1056752.38 2562 392491 5121196.2 148665.75 197332.5 744137.7 0.0 118415.400001 6430646.32998 266795 126476 1328 453 1 0 395053 0 0 100900.28 395053
2015,1,27,2,1 	1 1 1238386.4 230010.0 283137.28 669 133581 1196057.2 72212.8 67075.0 161097.0 0.0 40254.0 1542320.52 82429 51464 276 81 0 0 134250 0 0 5637.95 134250
2015,1,23,2,1 	1 1 6276133.88333 766654.0 31357024.92 4188 458415 5224016.75 178972.09 231113.5 708719.91 0.0 138713.100001 6554938.51997 295372 165627 1230 374 0 0 462603 0 0 73382.16 462603
2015,5,27,2,1 	1 1 6276701.03333 669617.0 16103866.67 3169 402663 4939555.8 148577.55 202850.0 665208.05 0.0 121670.400001 6156396.27997 257567 146681 1135 449 0 0 405832 0 0 78470.81 405832
2015,2,24,2,1 	1 1 6745945.36667 717181.0 1077117.06 3606 435929 5125652.03 160562.5 219616.0 709115.69 0.0 131839.500001 6506416.65997 287681 150326 1161 367 0 0 439535 0 0 73319.66 439535
2015,2,20,2,1 	1 1 6693477.8 811295.0 8145415.42 6201 482274 5837313.2 185309.92 244069.0 743432.41 0.0 146518.5 7232556.86996 311431 175144 1429 471 0 0 488475 0 0 75902.44 488475
2015,2,28,2,1 	1 1 8086802.93333 849314.0 1226719.65 3480 487285 5483850.85 104175.5 245197.0 688478.41 0.0 147210.3 6718133.94996 302221 186552 1483 509 0 0 490765 0 0 49241.51 490765
2015,6,4,2,1 	1 1 7537209.25 717388.0 10055720.38 3345 429639 5402502.23 161521.0 216340.8 735219.98 0.0 129799.500001 6739576.33997 277915 152892 1580 597 0 0 432984 0 0 94109.8 432984
2015,2,8,2,1 	1 1 4904561.98333 685513.0 2727137.69 2826 397783 4449722.9 82216.0 200157.5 580390.52 0.0 120153.900001 5494626.36998 254848 144156 1213 392 0 0 400609 0 0 62016.12 400609
2015,2,4,2,1 	1 1 6183761.41667 662993.0 1016867.82 3342 403749 4867473.0 144740.5 203399.5 684800.0 0.0 122064.300001 6095535.60997 268588 137045 1111 347 0 0 407091 0 0 73068.83 407091
2015,12,7,2,1 	1 1 5483572.51667 587722.0 949338.88 2253 357886 4294584.02 135350.0 179902.0 609691.55 0.0 107943.600001 5418849.56998 233546 125013 1177 403 0 0 360139 0 0 91378.7 360139
2015,12,3,2,1 	1 1 6724516.45 658565.0 2617381.61 2704 399843 5047058.01 149888.74 201098.51 722391.18 0.0 120663.300001 6339852.95997 267134 133657 1322 434 0 0 402547 0 0 98758.76 402547
2015,12,14,2,1 	1 1 5252397.36667 587269.0 921836.38 2170 357733 4147918.75 139623.0 179811.0 590552.65 0.0 107890.800001 5245524.90998 234962 123404 1166 371 0 0 359903 0 0 79728.71 359903
2015,10,23,2,1 	1 1 6873272.7 691813.0 1091613.49 2599 413539 5140393.35 160830.5 207865.05 691233.9 0.0 124739.700001 6415202.52997 266396 147788 1485 469 0 0 416138 0 0 90144.03 416138
2015,12,18,2,1 	1 1 7330936.18333 741174.0 1157879.42 2641 444172 5426657.61 172133.8 223202.55 762121.98 0.0 133942.500001 6808870.03997 296282 148489 1485 557 0 0 446813 0 0 90814.0 446813
2015,8,19,2,1 	1 1 233008.85 29426.0 59308.3 134 17692 223232.0 8906.5 8900.5 28050.07 0.0 5343.6 276645.54 10906 6810 83 27 0 0 17826 0 0 2209.55 17826
2015,3,10,2,1 	1 1 6173022.55 661886.0 22896683.11 3428 401304 4876299.96 146556.32 202171.83 669960.4 0.0 121401.000001 6093621.73997 258908 144346 1108 370 0 0 404732 0 0 77259.11 404732
2015,10,30,2,1 	1 1 7182146.3 695405.0 1085988.81 3280 413462 5254917.75 160517.07 208220.93 703928.41 0.0 124923.300001 6541630.51997 268950 145812 1489 491 0 0 416742 0 0 89123.86 416742
2015,10,1,2,1 	1 1 6554776.83333 629190.0 4008031.68 3350 378524 4847046.3 140343.75 190769.35 677437.2 0.0 114473.400001 6058392.95998 250963 129176 1287 448 0 0 381874 0 0 88322.96 381874
2015,9,12,2,1 	1 1 6561941.45 735886.0 1093034.41 3260 420423 4989597.36 90210.0 211673.0 614556.51 0.0 127009.800001 6083724.49997 261240 160425 1471 547 0 0 423683 0 0 50637.54 423683
2015,6,13,2,1 	1 1 5698208.4 730268.0 4198078.5 2979 414984 4817111.5 89788.52 208844.5 574271.32 0.0 125284.200001 5862463.45997 245892 170092 1476 503 0 0 417963 0 0 47078.69 417963
2015,1,9,2,1 	1 1 5970668.23333 731984.0 31335730.56 4231 434403 4866847.2 178096.0 219158.5 636038.29 0.0 131228.100001 6096661.88997 273903 163099 1191 441 0 0 438634 0 0 65332.95 438634
2015,6,17,2,1 	1 1 6322122.21667 686220.0 1093911.83 3003 411938 5103582.1 155797.42 207399.35 709708.38 0.0 124386.600001 6391211.31997 268481 144798 1240 422 0 0 414941 0 0 90272.79 414941
2015,1,5,2,1 	1 1 4112294.68333 580890.0 1050667.51 3245 348662 3816681.85 134178.8 175837.5 471831.44 0.0 105108.300001 4769974.63998 204984 145665 967 291 0 0 351907 0 0 66367.05 351907
2015,8,22,2,1 	1 1 4671813.25 612113.0 943995.23 2092 345855 4023202.15 76079.5 173819.5 468871.43 0.0 104304.600001 4888941.29998 201636 144592 1241 478 0 0 347947 0 0 42589.56 347947
2015,10,12,2,1 	1 1 4374695.21667 527430.0 892499.75 2759 312621 3706316.14 49910.2 157519.5 485587.4 0.0 94530.3000005 4577255.47998 193606 120357 1047 370 0 0 315380 0 0 83392.74 315380
2015,1,1,2,1 	1 1 4854963.01667 671371.0 1083956.21 3212 368648 4318699.2 102818.1 185810.0 441832.88 0.0 60357.6000002 5209350.65998 182745 187382 1304 429 0 0 371860 0 0 49603.39 371860
2015,8,26,2,1 	1 1 4901626.86667 575207.0 2533750.0 2228 344652 4105544.52 133079.87 173398.15 554548.22 0.0 103970.850001 5139872.39998 220105 125348 1055 372 0 0 346880 0 0 69269.72 346880
2015,10,16,2,1 	1 1 7028366.98333 693689.0 1101289.16 3689 414391 5171072.05 159882.5 208817.24 698429.1 0.0 125317.600001 6454402.00997 268718 147505 1370 487 0 0 418080 0 0 90884.32 418080
2015,6,8,2,1 	1 1 5298559.36667 628651.0 1069035.17 2824 375804 4518476.99 143181.96 189195.8 605145.58 0.0 113508.300001 5657886.94998 236305 140792 1095 436 0 0 378628 0 0 88308.47 378628
2015,11,24,2,1 	1 1 5938667.68333 600569.0 2255864.92 2550 365951 4415028.64 131301.5 184087.5 600380.58 0.0 110467.200001 5512707.94998 238278 128653 1140 430 0 0 368501 0 0 71449.67 368501
2015,11,20,2,1 	1 1 6865319.48333 677502.0 1096698.08 3666 405939 5116454.06 156127.55 204616.5 714108.46 0.0 122769.000001 6414642.59997 270496 137185 1418 506 0 0 409605 0 0 100574.17 409605
2015,11,28,2,1 	1 1 4866801.9 591667.0 6047241.58 1628 333662 3772114.4 63733.5 167483.0 440070.95 0.0 100494.600001 4598646.26998 186948 146792 1158 392 0 0 335290 0 0 54756.46 335290
2015,6,24,2,1 	1 1 6156564.23333 663877.0 1052465.34 2920 397654 4925422.85 148063.6 200136.5 674845.53 0.0 120080.700001 6156216.76997 255814 143140 1188 432 0 0 400574 0 0 87620.69 400574
2015,2,17,2,1 	1 1 5219915.33333 641423.0 7983026.24 2635 381502 4381136.15 149979.7 191921.0 599196.62 0.0 115221.300001 5510653.76998 242302 140491 1038 306 0 0 384137 0 0 73208.68 384137
2015,2,13,2,1 	1 1 7687952.51667 787909.0 35963719.02 5491 468374 5896442.56 171273.7 236752.0 787283.63 0.0 142134.0 7324370.23996 304264 167506 1592 502 1 0 473865 0 0 90337.18 473865
2015,5,9,2,1 	1 1 6236051.56667 794315.0 1691184.25 4215 454064 5259534.18 93697.35 228988.5 644698.07 0.0 137385.000001 6418059.09997 276292 179952 1514 521 0 0 458279 0 0 53661.09 458279
2015,9,16,2,1 	1 1 6624564.5 643470.0 1024364.02 2883 386814 4936913.04 143351.4 194723.0 684530.38 0.0 116814.600001 6160072.60997 254361 133670 1196 470 0 0 389697 0 0 83669.63 389697
2015,5,1,2,1 	1 1 6877183.98333 753188.0 1329237.34 3499 445889 5498522.46 172342.08 224531.26 726251.66 0.0 134710.200001 6854376.10997 283210 164260 1404 514 0 0 449388 0 0 92337.16 449388
2015,5,5,2,1 	1 1 6050716.05 696980.0 1098251.14 3220 418805 4992549.3 158406.42 210886.38 687265.76 0.0 126518.100001 6262629.15997 270124 150336 1162 403 0 0 422025 0 0 86927.36 422025
2015,9,5,2,1 	1 1 4326836.73333 567519.0 886792.0 2322 320086 3672381.0 68235.0 161053.5 401912.96 0.0 96639.6000006 4447312.51998 173380 147307 1201 520 0 0 322408 0 0 47034.66 322408
2015,9,1,2,1 	1 1 4771613.83333 565240.0 892816.79 2274 340879 3983949.94 128098.9 171428.5 535588.9 0.0 102864.000001 4992995.45998 215402 126306 1004 441 0 0 343153 0 0 70183.37 343153
2015,9,9,2,1 	1 1 6506899.53333 634321.0 7743671.24 3006 383231 4835020.7 136596.5 192944.0 660522.76 0.0 115778.100001 6021931.23997 249181 135461 1158 437 0 0 386237 0 0 81024.95 386237
2015,4,11,2,1 	1 1 6564142.11667 810618.0 1200607.58 13538 450639 5414021.83 102910.0 231885.89 660214.95 0.0 139185.000001 6598837.09997 280965 181150 1548 514 0 0 464177 0 0 50470.01 464177
2015,4,15,2,1 	1 1 6135832.76667 682191.0 2454025.83 3290 413158 5050485.47 154150.5 208180.0 696702.86 0.0 124881.000001 6321096.61997 269007 145850 1194 397 0 0 416448 0 0 86651.82 416448
2015,4,19,2,1 	1 1 5829427.61667 744286.0 6289415.95 3649 429254 5147244.5 88513.7 216337.5 651917.16 0.0 129786.900001 6319871.31997 264623 166350 1409 521 0 0 432903 0 0 85785.41 432903
2015,5,16,2,1 	1 1 7085457.0 814759.0 1257106.64 3450 464378 5708689.35 100010.0 233744.5 700590.68 0.0 140253.000001 6950375.67996 282939 182771 1580 538 0 0 467828 0 0 67025.97 467828
2015,12,29,2,1 	1 1 4474405.83333 521616.0 786163.6 1563 301299 3461836.06 117451.5 151289.0 407995.23 0.0 90793.5000005 4282124.25998 166768 134503 1189 402 0 0 302862 0 0 52761.37 302862
2015,12,25,2,1 	1 1 2539758.68333 324046.0 526274.37 753 181111 2108488.0 35796.47 90857.35 211740.29 0.0 54508.5000002 2533698.32 85967 94926 683 288 0 0 181864 0 0 32307.71 181864
2015,12,21,2,1 	1 1 4870937.91667 558267.0 844702.02 1867 336168 3804489.0 124978.3 168868.0 500235.33 0.0 101327.100001 4757692.77998 207015 129351 1230 439 0 0 338035 0 0 57795.05 338035
2015,3,25,2,1 	1 1 5927757.66667 683799.0 17569503.32 4006 413258 4896454.85 155712.55 208469.5 688454.81 0.0 125161.800001 6160187.12997 271879 143895 1130 360 0 0 417264 0 0 85967.37 417264
2015,1,12,2,1 	1 1 6494243.9 632223.0 952518.77 3747 382829 4225794.51 139062.03 193175.0 568402.89 0.0 115676.400001 5312838.71998 243076 142093 1084 323 0 0 386576 0 0 70687.17 386576
2015,4,26,2,1 	1 1 5650165.53333 702814.0 1694937.14 2847 408592 4957967.7 85812.6 205596.8 626099.04 0.0 123353.400001 6086247.97997 250213 159268 1485 473 0 0 411439 0 0 87335.34 411439
2015,1,16,2,1 	1 1 6148870.45 777117.0 1167233.11 4834 462305 5215111.14 181950.11 233396.5 686021.03 0.0 139873.200001 6535405.77997 293798 171558 1345 438 0 0 467139 0 0 78972.24 467139
2015,4,22,2,1 	1 1 6314218.88333 690800.0 21384845.75 3708 418368 5097028.16 155678.33 210901.33 711775.91 0.0 126537.300001 6388376.40997 273824 146653 1192 407 0 0 422076 0 0 86397.87 422076
2015,9,23,2,1 	1 1 4714014.61667 582846.0 895148.41 2442 346041 3906974.87 138123.25 174080.0 534503.09 0.0 104458.800001 4925316.65998 218858 128033 1194 398 0 0 348483 0 0 67175.65 348483
2015,3,29,2,1 	1 1 5577852.73333 711892.0 1905381.95 2710 410425 4864961.74 86898.54 206478.8 616861.16 0.0 123929.100001 5981327.46997 252841 158489 1351 454 0 0 413135 0 0 82212.67 413135
2015,3,21,2,1 	1 1 6354227.21667 791891.0 2938080.07 3255 454107 5116734.2 95294.09 228522.0 640814.12 0.0 137196.900001 6276905.70997 277440 178179 1331 412 0 0 457362 0 0 58289.53 457362
2015,4,2,2,1 	1 1 8656379.45 719802.0 11468081.48 3784 429484 5339831.86 158073.5 216454.0 713512.76 0.0 129944.700001 6648094.28997 274639 156955 1239 435 0 0 433268 0 0 90205.16 433268
2015,7,29,2,1 	1 1 5755008.15 661704.0 1014695.92 2689 393706 4706252.65 151070.02 198151.32 648534.02 0.0 118830.000001 5898817.56997 255651 139204 1145 395 0 0 396395 0 0 75866.59 396395
2015,4,6,2,1 	1 1 4837349.05 604944.0 979560.29 3043 361220 4211572.05 136304.8 181995.48 542637.6 0.0 109247.700001 5269201.70998 217683 145104 1118 358 0 0 364263 0 0 87453.58 364263
2015,7,21,2,1 	1 1 5504653.68333 608528.0 955202.06 2553 363246 4444624.66 129631.0 182743.15 601414.44 0.0 109638.600001 5539753.66998 232808 131525 1089 377 0 0 365799 0 0 71633.09 365799
2015,7,25,2,1 	1 1 5142935.31667 666268.0 9093423.93 2480 374855 4362645.2 83313.38 188512.0 513964.35 0.0 113110.500001 5333679.00998 220168 155280 1390 497 0 0 377335 0 0 49555.26 377335
2015,3,18,2,1 	1 1 6180869.83333 728817.0 1130614.83 3041 439878 5161261.91 165666.6 221282.5 714996.0 0.0 132861.300001 6481889.28997 283483 157794 1249 392 1 0 442919 0 0 85824.01 442919
2015,10,9,2,1 	1 1 6658199.26667 647899.0 1032702.47 3868 385957 4917069.39 143523.0 194672.0 654565.96 0.0 116830.500001 6112122.05997 247553 140328 1454 490 0 0 389825 0 0 85465.55 389825
2015,7,3,2,1 	1 1 3593042.06667 516837.0 4117236.41 2227 293624 3272491.2 78447.6 147806.5 375870.85 0.0 88688.7000005 4007360.39999 163910 130500 1075 366 0 0 295851 0 0 44008.9 295851
2015,8,6,2,1 	1 1 2514050.63333 289992.0 461139.69 1743 173162 2104886.45 17736.61 87348.0 277013.78 0.0 52415.4000001 2577107.25 110625 63512 566 202 0 0 174905 0 0 37663.54 174905
2015,10,5,2,1 	1 1 4571933.7 546938.0 2224252.65 3097 330310 3847630.43 126435.5 166565.43 525742.39 0.0 99923.7000006 4847114.10998 209199 122827 996 385 0 0 333407 0 0 80818.26 333407
2015,7,7,2,1 	1 1 4987629.18333 596870.0 915587.92 2601 355844 4187443.61 134182.0 179090.5 559272.95 0.0 107461.800001 5236185.48998 224532 132563 1010 340 0 0 358445 0 0 68671.66 358445
2015,8,2,2,1 	1 1 4373475.03333 591551.0 1284229.36 2424 334655 3970001.0 71031.3 168398.0 481541.49 0.0 101034.900001 4864471.67998 197936 137535 1160 448 0 0 337079 0 0 72390.33 337079
2015,3,14,2,1 	1 1 6436887.3 844340.0 1210828.2 5441 481319 5342201.96 103575.5 243155.4 671985.05 0.0 146016.3 6559662.10997 297138 187606 1526 490 0 0 486760 0 0 52772.5 486760
2015,5,30,2,1 	1 1 6289839.28333 766145.0 2248066.94 2768 438329 5187299.41 93293.5 220409.5 632672.76 0.0 132238.800001 6314728.48997 265351 173837 1396 513 0 0 441097 0 0 48734.31 441097
2015,9,30,2,1 	1 1 6261525.3 610371.0 968501.77 2435 367863 4641808.81 139055.75 185023.25 657133.53 0.0 110991.900001 5816607.51998 244918 123772 1185 423 0 0 370298 0 0 82593.12 370298
2015,7,18,2,1 	1 1 5507680.23333 691367.0 1214838.16 2533 391742 4507190.6 84646.5 197006.5 540115.47 0.0 118202.400001 5492204.55998 232370 160097 1303 505 0 0 394275 0 0 44972.57 394275
2015,7,14,2,1 	1 1 5622114.35 626767.0 964266.7 2738 373605 4466059.76 138670.86 188046.2 607536.08 0.0 112822.500001 5584164.63998 240389 134532 1036 386 0 0 376343 0 0 70941.88 376343
2015,9,27,2,1 	1 1 5591809.15 628444.0 1089675.37 2335 363327 4498335.4 75880.8 182663.5 568065.63 0.0 109608.600001 5513683.52998 224604 139161 1388 509 0 0 365662 0 0 79129.6 365662
2015,7,10,2,1 	1 1 5637383.31667 658668.0 1028638.33 3024 387636 4649552.87 153482.0 195149.0 608026.66 0.0 117087.000001 5799292.00997 243394 145515 1321 430 0 0 390660 0 0 75627.17 390660
2015,1,30,2,2 	1 1 334945.316667 12185.0 122696.67 120 7037 370405.55 2.5 3561.0 50837.58 0.0 2143.8 456986.38 4956 2120 59 22 0 0 7157 0 0 30042.55 7157
2015,5,23,2,2 	1 1 316541.85 15282.0 140721.41 93 8044 422220.8 -36.09 4097.4 44318.8 0.0 2435.7 507845.06 4538 3530 57 12 0 0 8137 0 0 34808.45 8137
2015,11,8,2,2 	1 1 422431.683333 18260.0 179601.72 253 10142 539608.17 1.04 5188.5 74937.23 0.0 3114.0 667272.59 7330 2985 57 23 0 0 10395 0 0 44425.25 10395
2015,11,4,2,2 	1 1 416806.516667 14050.0 138792.19 205 7898 419199.5 1.07 4030.0 57145.89 0.0 2419.8 519691.22 5390 2639 62 12 0 0 8103 0 0 36895.76 8103
2015,6,28,2,2 	1 1 395013.8 16773.0 162846.29 114 9233 484897.35 2.23 4660.5 61938.15 0.0 2798.1 593167.21 6165 3097 69 16 0 0 9347 0 0 38870.88 9347
2015,5,12,2,2 	1 1 428652.2 15836.0 156081.64 90 8959 469368.94 0.51 4514.5 61309.51 0.0 2708.1 577862.5 5883 3093 65 8 0 0 9049 0 0 39966.48 9049
2015,3,7,2,2 	1 1 307118.716667 13305.0 127733.75 63 7393 386479.18 0.5 3717.5 49241.3 0.0 2235.6 473153.85 4879 2507 52 18 0 0 7456 0 0 31485.97 7456
2015,6,20,2,2 	1 1 363713.433333 13710.0 134815.63 68 7465 390744.68 1.0 3758.5 44176.74 0.0 2254.5 470793.54 4471 3003 46 13 0 0 7533 0 0 29858.12 7533
2015,3,3,2,2 	1 1 323810.733333 11082.0 2017515.3 68 6441 336835.92 2.0 3242.0 47760.36 0.0 1952.1 417868.74 4502 1943 51 13 0 0 6509 0 0 28083.36 6509
2015,10,27,2,2 	1 1 371650.316667 13755.0 135212.25 169 7665 406031.61 1.06 3903.5 53011.59 0.0 2343.6 499979.07 5102 2648 65 19 0 0 7834 0 0 34688.51 7834
2015,11,17,2,2 	1 1 387481.483333 12804.0 128717.46 173 7264 385621.48 1.02 3708.0 53802.64 0.0 2226.0 479118.09 5137 2221 67 12 0 0 7437 0 0 33759.75 7437
2015,11,13,2,2 	1 1 482619.6 14980.0 152651.29 225 8587 456553.81 26.52 4391.0 65336.1 0.0 2635.5 568059.97 6156 2570 71 15 0 0 8812 0 0 39117.04 8812
2015,12,10,2,2 	1 1 491950.966667 15109.0 148069.01 199 8365 443509.2 2.02 4263.75 60970.87 0.0 2560.5 548536.53 5655 2819 71 19 0 0 8564 0 0 37230.19 8564
2015,1,27,2,2 	1 1 27957.55 1683.0 16002.31 6 944 49272.0 0.0 473.5 5838.0 0.0 285.0 59512.72 578 360 10 2 0 0 950 0 0 3644.82 950
2015,1,23,2,2 	1 1 337622.416667 13141.0 132813.38 90 7628 399717.54 2.5 3842.0 56525.89 0.0 2311.2 495068.9 5474 2171 54 19 0 0 7718 0 0 32676.37 7718
2015,5,27,2,2 	1 1 417103.316667 14221.0 139046.6 89 8016 419503.91 2.0 4034.0 52601.56 0.0 2422.8 514050.16 5155 2855 75 20 0 0 8105 0 0 35487.49 8105
2015,2,24,2,2 	1 1 318755.9 11917.0 119285.33 90 6862 360474.2 1.0 3470.0 50583.97 0.0 2083.2 445954.24 4862 2027 47 16 0 0 6952 0 0 29346.47 6952
2015,2,20,2,2 	1 1 361439.516667 14049.0 138785.1 145 7875 415653.09 3.5 3999.0 56494.32 0.0 2405.4 512639.96 5502 2438 64 16 0 0 8020 0 0 34095.58 8020
2015,2,28,2,2 	1 1 259180.683333 11728.0 115497.19 65 6662 348824.43 1.23 3355.5 44109.43 0.0 2016.6 426847.97 4387 2286 46 8 0 0 6727 0 0 28543.78 6727
2015,6,4,2,2 	1 1 488691.35 16163.0 156586.45 115 8947 470438.94 20.2 4519.5 60487.8 0.0 2714.4 577362.04 5775 3193 72 22 0 0 9062 0 0 39181.5 9062
2015,2,8,2,2 	1 1 267633.85 13141.0 130293.52 80 7513 394159.44 1.0 3790.0 56293.92 0.0 2277.3 486611.66 5574 1971 41 7 0 0 7593 0 0 30092.4 7593
2015,2,4,2,2 	1 1 304624.916667 10973.0 108525.59 94 6297 330150.05 0.0 3177.5 48006.8 0.0 1915.2 410096.37 4532 1791 57 11 0 0 6391 0 0 26857.62 6391
2015,12,7,2,2 	1 1 464759.166667 16469.0 163323.17 222 9252 491409.34 1.5 4724.5 67952.32 0.0 2834.7 608361.26 6580 2820 59 15 0 0 9474 0 0 41438.9 9474
2015,12,3,2,2 	1 1 482042.45 15823.0 155503.3 196 8716 461204.69 1.02 4435.5 59026.54 0.0 2663.7 566505.03 5652 3168 71 21 0 0 8912 0 0 39173.58 8912
2015,12,14,2,2 	1 1 412161.816667 14404.0 144400.94 229 8153 434258.7 4.73 4175.5 61779.4 0.0 2507.7 539703.57 5921 2371 70 20 0 0 8382 0 0 36984.68 8382
2015,10,23,2,2 	1 1 574164.316667 17610.0 174644.13 96 9978 522291.1 2.74 5021.5 69762.31 0.0 3014.7 644272.93 6529 3450 73 22 0 0 10074 0 0 44180.58 10074
2015,12,18,2,2 	1 1 526354.916667 16134.0 157030.19 224 8728 463957.6 3.5 4464.0 64181.12 0.0 2679.6 574029.09 6107 2762 66 17 0 0 8952 0 0 38743.27 8952
2015,8,19,2,2 	1 1 8752.26666667 512.0 4914.92 1 283 14768.0 0.0 142.0 2174.2 0.0 85.2 18310.43 219 64 1 0 0 0 284 0 0 1141.03 284
2015,3,10,2,2 	1 1 374566.166667 12406.0 124217.97 83 7165 375476.7 3.23 3608.8 53147.92 0.0 2172.9 465546.02 5049 2135 50 14 0 0 7248 0 0 31141.47 7248
2015,10,30,2,2 	1 1 545865.516667 17064.0 167678.14 235 9444 501813.34 2.62 4824.0 64319.86 0.0 2897.7 615752.43 6151 3428 78 22 0 0 9679 0 0 41895.21 9679
2015,10,1,2,2 	1 1 566097.45 16988.0 168622.39 116 9590 503149.95 3.03 4837.0 65094.15 0.0 2904.9 618257.48 6178 3447 64 17 0 0 9706 0 0 42270.05 9706
2015,9,12,2,2 	1 1 369332.016667 14654.0 140826.3 96 8006 419476.9 0.5 4032.0 48660.62 0.0 2421.6 509687.82 4831 3184 62 25 0 0 8102 0 0 35096.2 8102
2015,6,13,2,2 	1 1 357528.516667 14314.0 138817.33 71 7752 404801.4 653.76 3904.3 48417.78 0.0 2335.5 490049.3 4821 2930 55 17 0 0 7823 0 0 29936.56 7823
2015,1,9,2,2 	1 1 325907.433333 12635.0 127064.89 104 7261 381675.4 9.65 3673.0 51205.08 0.0 2197.5 469902.04 4915 2374 64 12 0 0 7365 0 0 31151.74 7365
2015,6,17,2,2 	1 1 435238.183333 14715.0 146376.68 77 8425 440920.6 1.5 4240.5 59226.3 0.0 2543.7 543620.94 5631 2790 63 18 0 0 8502 0 0 36688.34 8502
2015,1,5,2,2 	1 1 397219.433333 17093.0 169060.75 138 9573 504140.44 2.73 4849.0 67099.76 0.0 2893.5 618771.63 6796 2858 47 10 0 0 9711 0 0 39788.6 9711
2015,8,22,2,2 	1 1 314534.2 14066.0 129471.27 88 7378 387600.85 0.01 3727.0 42958.17 0.0 2235.3 469014.61 4350 3068 41 7 0 0 7466 0 0 32493.28 7466
2015,10,12,2,2 	1 1 463424.9 19287.0 190098.71 150 10829 570086.3 1.24 5482.0 76342.86 0.0 3288.9 703100.72 7521 3376 62 20 0 0 10979 0 0 47912.1 10979
2015,1,1,2,2 	1 1 230259.5 14124.0 127529.27 73 7257 379567.61 1.5 3652.5 37850.26 0.0 1229.7 451517.44 4001 3260 49 20 0 0 7330 0 0 28281.97 7330
2015,8,26,2,2 	1 1 349553.633333 14191.0 135447.56 83 7713 404591.38 0.0 3885.0 48323.44 0.0 2334.3 493255.19 4772 2952 62 10 0 0 7796 0 0 34121.07 7796
2015,10,16,2,2 	1 1 525905.766667 17662.0 173508.44 125 9889 519564.94 1.02 4995.5 70980.36 0.0 2999.1 642619.79 6717 3200 74 23 0 0 10014 0 0 44080.47 10014
2015,6,8,2,2 	1 1 508328.616667 18334.0 1014603.0 114 10328 541616.2 2.51 5209.0 71504.93 0.0 3125.1 666440.24 6981 3377 69 15 0 0 10442 0 0 44982.5 10442
2015,11,24,2,2 	1 1 408436.25 13168.0 136447.88 184 7262 384995.35 5.55 3702.0 49862.17 0.0 2223.9 473217.86 4799 2558 65 24 0 0 7446 0 0 32428.89 7446
2015,11,20,2,2 	1 1 537714.116667 17332.0 177354.45 284 9909 528566.83 2.0 5081.5 74799.35 0.0 3051.3 656295.02 7082 3008 81 22 0 0 10193 0 0 44794.04 10193
2015,11,28,2,2 	1 1 316004.35 13761.0 132715.89 120 7507 394928.1 1.0 3801.5 48346.51 0.0 2280.9 482045.06 4861 2712 41 13 0 0 7627 0 0 32688.65 7627
2015,6,24,2,2 	1 1 443086.0 15699.0 150065.9 113 8601 451973.82 24.66 4348.0 60423.62 0.0 2609.4 557419.42 5793 2829 73 19 0 0 8714 0 0 38041.52 8714
2015,2,17,2,2 	1 1 348605.833333 14421.0 140198.97 89 7999 419159.59 1.0 4032.5 57866.93 0.0 2424.3 517645.43 5601 2417 54 16 0 0 8088 0 0 34166.41 8088
2015,2,13,2,2 	1 1 546192.333333 17018.0 167178.83 147 9484 499860.09 6.83 4802.0 69981.53 0.0 2888.4 618484.1 6662 2883 72 14 0 0 9631 0 0 40950.85 9631
2015,5,9,2,2 	1 1 356022.883333 15196.0 147695.65 92 8422 441795.68 1.23 4247.5 51085.39 0.0 2549.7 537245.81 5096 3344 59 15 0 0 8514 0 0 37566.31 8514
2015,9,16,2,2 	1 1 459418.116667 15028.0 147557.25 115 8477 445724.74 0.0 4285.0 58675.24 0.0 2572.8 549113.5 5568 2948 61 15 0 0 8592 0 0 37855.72 8592
2015,5,1,2,2 	1 1 495649.333333 17105.0 166646.6 107 9530 499231.34 0.5 4802.5 62441.68 0.0 2881.5 611731.45 5946 3591 78 22 0 0 9637 0 0 42373.93 9637
2015,5,5,2,2 	1 1 404121.966667 14337.0 143501.5 104 8208 430118.44 2.0 4137.5 56232.15 0.0 2483.7 529354.65 5430 2793 67 22 0 0 8312 0 0 36393.12 8312
2015,9,5,2,2 	1 1 285075.2 14022.0 128991.65 84 7375 386964.5 0.0 3721.0 41217.98 0.0 2232.6 465761.51 4255 3135 57 12 0 0 7459 0 0 31625.43 7459
2015,9,1,2,2 	1 1 360929.6 14170.0 135869.47 64 7789 407274.4 2.03 3915.5 48595.91 0.0 2351.7 496926.7 4799 2999 47 8 0 0 7853 0 0 34787.96 7853
2015,9,9,2,2 	1 1 473089.916667 15127.0 147441.76 100 8387 440109.9 1.02 4231.5 55722.09 0.0 2540.1 538635.58 5322 3066 81 18 0 0 8487 0 0 36030.97 8487
2015,4,11,2,2 	1 1 290623.883333 13608.0 126122.63 197 7089 377585.38 0.0 3629.5 44129.19 0.0 2183.7 459630.29 4427 2797 51 11 0 0 7286 0 0 32107.32 7286
2015,4,15,2,2 	1 1 414624.55 15263.0 148360.09 104 8498 445994.89 2.5 4288.5 59968.9 0.0 2575.5 550823.76 5699 2824 57 22 0 0 8602 0 0 37994.67 8602
2015,4,19,2,2 	1 1 457339.916667 18306.0 180037.42 134 10286 540782.4 1.0 5201.5 72312.94 0.0 3123.6 666816.84 7120 3203 72 25 0 0 10420 0 0 45397.8 10420
2015,5,16,2,2 	1 1 445132.966667 16731.0 12462635.68 92 9210 481891.22 0.0 4634.0 59143.83 0.0 2781.3 588692.33 5889 3334 57 22 0 0 9302 0 0 40241.98 9302
2015,12,29,2,2 	1 1 372160.65 13943.0 131462.7 118 7407 390260.96 3.11 3751.0 42753.95 0.0 2253.0 471300.85 4317 3133 58 17 0 0 7525 0 0 32278.83 7525
2015,12,25,2,2 	1 1 204147.716667 10078.0 92117.95 63 5185 271815.0 1.23 2617.0 29500.32 0.0 1570.8 327397.04 2976 2219 38 15 0 0 5248 0 0 21893.49 5248
2015,12,21,2,2 	1 1 405162.816667 13301.0 127653.19 161 7222 382026.95 10.97 3673.5 47138.49 0.0 2207.4 467525.83 4653 2640 72 18 0 0 7383 0 0 32469.32 7383
2015,3,25,2,2 	1 1 382714.7 13442.0 132599.66 79 7611 398620.4 -6.71 3846.01 54115.0 0.0 2306.4 493736.18 5170 2461 45 14 0 0 7690 0 0 34860.68 7690
2015,1,12,2,2 	1 1 341907.433333 13487.0 137636.65 76 7930 414280.46 5.92 3985.0 57715.77 0.0 2389.2 512579.91 5658 2289 38 21 0 0 8006 0 0 34212.56 8006
2015,4,26,2,2 	1 1 451905.983333 18869.0 184833.46 119 10555 554189.11 1.0 5330.0 74123.03 0.0 3198.3 683175.74 7301 3294 64 15 0 0 10674 0 0 46334.3 10674
2015,1,16,2,2 	1 1 388450.15 14907.0 147171.44 153 8433 444861.83 3.5 4282.5 62943.3 0.0 2568.3 550435.21 6107 2399 64 16 0 0 8586 0 0 35780.58 8586
2015,4,22,2,2 	1 1 398759.8 14219.0 143227.99 83 8175 428446.56 2.73 4120.5 56537.89 0.0 2473.2 528037.94 5407 2795 41 15 0 0 8258 0 0 36457.06 8258
2015,9,23,2,2 	1 1 333037.283333 14259.0 141461.28 77 8130 425829.14 1.24 4094.0 53277.43 0.0 2458.2 521257.53 5129 2987 73 18 0 0 8207 0 0 35597.52 8207
2015,3,29,2,2 	1 1 378440.15 16042.0 153772.9 81 8809 461135.78 0.5 4430.0 58501.7 0.0 2665.5 565670.7 5753 3069 57 11 0 0 8890 0 0 38941.42 8890
2015,3,21,2,2 	1 1 334156.0 15399.0 147545.5 85 8447 441752.19 1.5 4249.5 55583.1 0.0 2557.5 540532.34 5563 2888 55 26 0 0 8532 0 0 36396.95 8532
2015,4,2,2,2 	1 1 473513.0 16155.0 152693.07 102 8724 457014.14 2.0 4396.0 54734.1 0.0 2645.7 557365.52 5261 3474 69 22 0 0 8826 0 0 38583.38 8826
2015,7,29,2,2 	1 1 363755.033333 13587.0 129556.64 78 7470 391281.5 0.5 3763.0 50481.27 0.0 2257.5 480940.28 4813 2665 41 29 0 0 7548 0 0 33156.51 7548
2015,4,6,2,2 	1 1 435596.066667 17388.0 165217.62 100 9440 494374.32 4.23 4756.5 61624.9 0.0 2858.1 605836.18 6098 3366 56 20 0 0 9540 0 0 42223.83 9540
2015,7,21,2,2 	1 1 374285.1 13381.0 127463.94 91 7258 380574.1 1.0 3659.5 48365.01 0.0 2196.6 466664.6 4651 2618 66 14 0 0 7349 0 0 31868.39 7349
2015,7,25,2,2 	1 1 329758.416667 14342.0 132121.74 66 7566 396422.1 0.5 3811.0 44572.59 0.0 2286.9 480952.64 4479 3086 46 21 0 0 7632 0 0 33859.55 7632
2015,3,18,2,2 	1 1 345139.533333 13307.0 132887.11 59 7665 400374.82 0.5 3850.0 54530.76 0.0 2315.4 493919.38 5263 2397 53 11 0 0 7724 0 0 32853.5 7724
2015,10,9,2,2 	1 1 599391.216667 18018.0 178087.52 149 10131 532852.2 1.01 5125.0 71918.17 0.0 3075.0 657518.42 6846 3330 83 21 0 0 10280 0 0 44547.84 10280
2015,7,3,2,2 	1 1 237504.8 12169.0 112121.18 69 6528 342269.16 0.0 3291.5 39915.64 0.0 1974.3 415246.46 4042 2475 65 15 0 0 6597 0 0 27795.86 6597
2015,8,6,2,2 	1 1 179719.8 6427.0 62254.04 43 3554 186329.5 0.0 1792.5 24363.93 0.0 1075.8 229309.05 2359 1193 34 11 0 0 3597 0 0 15748.12 3597
2015,10,5,2,2 	1 1 412781.916667 16787.0 165935.74 125 9492 498208.04 0.33 4790.0 65910.37 0.0 2874.9 613774.3 6406 3128 68 15 0 0 9617 0 0 41991.46 9617
2015,7,7,2,2 	1 1 346474.3 13494.0 129873.78 85 7374 386921.66 1.0 3715.5 48261.91 0.0 2232.3 473943.06 4756 2641 51 11 0 0 7459 0 0 32810.69 7459
2015,8,2,2,2 	1 1 392121.433333 16958.0 157761.8 112 9064 476461.0 2.23 4583.0 60058.65 0.0 2748.9 583160.83 5991 3102 63 20 0 0 9176 0 0 39307.05 9176
2015,3,14,2,2 	1 1 332824.683333 13625.0 131549.25 100 7475 392665.98 0.0 3772.6 48896.53 0.0 2271.0 479819.17 4804 2693 54 24 0 0 7575 0 0 32218.46 7575
2015,5,30,2,2 	1 1 414090.75 14417.0 144424.78 70 7883 411996.78 0.0 3962.5 48966.28 0.0 2377.2 497943.43 4799 3075 64 15 0 0 7953 0 0 30641.47 7953
2015,9,30,2,2 	1 1 471999.016667 15226.0 155392.94 104 8798 461321.25 6.53 4436.0 63030.66 0.0 2665.2 570493.21 5964 2852 71 15 0 0 8902 0 0 39033.57 8902
2015,7,18,2,2 	1 1 324724.516667 14254.0 131725.9 63 7562 395436.62 0.5 3802.5 43928.77 0.0 2281.2 478771.31 4414 3120 74 17 0 0 7625 0 0 33321.72 7625
2015,7,14,2,2 	1 1 356745.866667 13554.0 127747.52 83 7361 385534.42 5.5 3708.5 49467.93 0.0 2224.8 473249.59 4769 2614 44 17 0 0 7444 0 0 32314.28 7444
2015,9,27,2,2 	1 1 453437.75 18383.0 180400.77 123 10255 537926.6 2.73 5172.0 71512.42 0.0 3105.6 661659.03 7055 3234 64 25 0 0 10378 0 0 43939.68 10378
2015,7,10,2,2 	1 1 379680.0 14782.0 140637.93 102 8062 423696.66 1.5 4073.0 53584.93 0.0 2443.8 520509.38 5186 2901 60 17 0 0 8164 0 0 36709.49 8164
2015,1,30,2,3 	1 1 18759.8166667 927.0 8805.72 10 547 34996.2 123.5 0.0 5374.64 0.0 166.8 47695.56 401 130 22 4 0 0 557 0 0 7035.62 557
2015,5,23,2,3 	1 1 25398.55 1209.0 11278.43 6 692 44351.0 62.5 0.0 6149.07 0.0 208.2 58773.43 458 218 17 5 0 0 698 0 0 8002.66 698
2015,11,8,2,3 	1 1 42255.4166667 1943.0 18361.37 11 1066 72744.0 52.0 0.0 9527.11 0.0 321.9 96059.74 684 357 31 5 0 0 1077 0 0 13414.73 1077
2015,11,4,2,3 	1 1 24887.1833333 1124.0 10578.41 7 656 42236.34 169.5 1.5 6885.01 0.0 197.1 57393.1 465 176 19 3 0 0 663 0 0 7903.65 663
2015,6,28,2,3 	1 1 26294.8833333 1295.0 11537.15 2 699 45751.0 43.0 0.0 5557.04 0.0 209.7 60003.78 422 242 31 6 0 0 701 0 0 8443.04 701
2015,5,12,2,3 	1 1 28501.6166667 1069.0 9650.54 4 601 39326.5 143.5 0.0 6045.25 0.0 181.5 52644.14 408 174 20 3 0 0 605 0 0 6947.39 605
2015,3,7,2,3 	1 1 19879.1666667 831.0 8005.4 4 492 31259.0 38.5 0.5 4579.28 0.0 148.8 41879.91 334 140 17 5 0 0 496 0 0 5855.03 496
2015,6,20,2,3 	1 1 24034.7666667 1054.0 9874.8 8 587 38438.0 51.5 0.0 5538.13 0.0 177.3 51272.49 398 169 21 7 0 0 595 0 0 7067.56 595
2015,3,3,2,3 	1 1 21535.7166667 898.0 9127.88 4 520 33766.0 120.5 0.5 5153.73 0.0 157.2 45177.08 352 148 18 6 0 0 524 0 0 5979.15 524
2015,10,27,2,3 	1 1 24617.0 1145.0 10544.07 7 641 41726.84 158.5 0.5 6066.48 0.0 193.2 56002.73 442 188 15 3 0 0 648 0 0 7857.21 648
2015,11,17,2,3 	1 1 26655.85 1199.0 11069.48 5 682 44365.0 153.5 1.0 7257.65 0.0 204.9 60258.38 504 161 19 3 0 0 687 0 0 8276.33 687
2015,11,13,2,3 	1 1 32992.7833333 1437.0 14424.45 4 875 57306.0 191.0 0.5 9619.76 0.0 261.3 78115.92 675 175 20 9 0 0 879 0 0 10737.36 879
2015,12,10,2,3 	1 1 31554.5166667 1319.0 13708.97 7 840 54527.25 196.5 1.75 9601.87 0.0 253.2 75689.5 651 161 29 6 0 0 847 0 0 11108.93 847
2015,1,27,2,3 	1 1 839.383333333 70.0 541.68 0 35 2022.5 12.5 0.0 319.99 0.0 10.5 2707.93 21 11 2 1 0 0 35 0 0 343.04 35
2015,1,23,2,3 	1 1 21237.85 976.0 9714.51 6 608 38823.5 128.5 0.0 7604.38 0.0 183.6 53792.72 469 117 26 2 0 0 614 0 0 7052.74 614
2015,5,27,2,3 	1 1 29139.8 1118.0 10630.82 6 658 43210.5 195.0 0.0 6165.54 0.0 197.4 57592.31 436 203 20 5 0 0 664 0 0 7805.96 664
2015,2,24,2,3 	1 1 15437.25 860.0 7447.49 3 484 29680.8 107.5 0.0 4268.89 0.0 146.1 39521.92 319 139 22 7 0 0 487 0 0 5322.83 487
2015,2,20,2,3 	1 1 29954.5833333 1453.0 12943.29 5 825 51983.8 201.0 0.0 8348.99 0.0 248.7 70285.64 594 205 21 10 0 0 830 0 0 9504.95 830
2015,2,28,2,3 	1 1 17703.7 922.0 7949.32 5 496 31568.0 45.5 0.0 4155.66 0.0 150.3 41589.74 324 153 19 5 0 0 501 0 0 5671.48 501
2015,6,4,2,3 	1 1 26638.3166667 1183.0 11338.9 15 712 45824.5 177.0 1.0 7411.28 0.0 216.9 62133.5 518 172 35 2 0 0 727 0 0 8502.82 727
2015,2,8,2,3 	1 1 17756.0833333 1106.0 10205.73 3 621 39101.0 28.0 0.0 5835.26 0.0 187.2 52644.33 433 171 18 2 0 0 624 0 0 7493.47 624
2015,2,4,2,3 	1 1 21379.5166667 981.0 9248.4 5 583 37554.01 124.0 1.0 6341.55 0.0 176.4 51047.68 439 121 25 3 0 0 588 0 0 6851.32 588
2015,12,7,2,3 	1 1 29781.5666667 1492.0 12949.92 4 793 50892.3 215.5 0.0 6871.62 0.0 237.3 68312.35 512 259 24 2 0 0 797 0 0 10095.63 797
2015,12,3,2,3 	1 1 31863.7166667 1398.0 13527.14 6 844 54858.0 204.0 0.5 8921.65 0.0 253.2 74705.34 624 195 18 13 0 0 850 0 0 10467.99 850
2015,12,14,2,3 	1 1 28715.35 1378.0 13083.96 4 781 51021.0 190.0 0.0 7524.08 0.0 234.9 69302.15 520 242 19 4 0 0 785 0 0 10332.17 785
2015,10,23,2,3 	1 1 35840.2 1512.0 13996.3 9 879 57821.5 191.5 0.5 9224.66 0.0 262.2 77883.81 638 207 31 12 0 0 888 0 0 10383.45 888
2015,12,18,2,3 	1 1 42152.7833333 1788.0 17584.02 3 1059 69437.5 253.0 0.5 11468.35 0.0 317.4 95114.5 830 191 30 11 0 0 1062 0 0 13637.75 1062
2015,8,19,2,3 	1 1 79.5666666667 13.0 35.77 0 9 278.0 4.5 0.0 24.71 0.0 2.7 331.41 3 5 1 0 0 0 9 0 0 21.5 9
2015,3,10,2,3 	1 1 21538.35 981.0 9306.4 2 576 37330.5 151.0 0.0 5617.71 0.0 173.4 49998.59 397 155 23 3 0 0 578 0 0 6726.58 578
2015,10,30,2,3 	1 1 37646.4166667 1459.0 13855.64 6 856 56801.8 206.0 1.0 8923.75 0.0 258.6 76338.2 609 222 30 1 0 0 862 0 0 10147.05 862
2015,10,1,2,3 	1 1 31223.8166667 1377.0 13362.71 9 825 53935.0 234.0 0.0 8911.27 0.0 249.6 73480.16 617 182 28 7 0 0 834 0 0 10150.29 834
2015,9,12,2,3 	1 1 21818.3666667 1075.0 10054.67 5 603 39149.61 46.5 1.0 5254.84 0.0 181.2 51860.48 379 201 20 8 0 0 608 0 0 7227.33 608
2015,6,13,2,3 	1 1 20979.4333333 1143.0 9727.42 5 620 38616.0 55.5 0.0 5385.58 0.0 186.9 51081.98 398 191 32 4 0 0 625 0 0 6838.0 625
2015,1,9,2,3 	1 1 20670.1666667 961.0 9507.9 7 573 37131.3 124.0 1.0 5957.06 0.0 172.2 50306.48 411 145 17 7 0 0 580 0 0 6920.92 580
2015,6,17,2,3 	1 1 34261.95 1248.0 11921.39 5 742 49685.5 196.0 0.0 8104.84 0.0 222.9 67358.05 548 173 21 5 0 0 747 0 0 9148.81 747
2015,1,5,2,3 	1 1 17351.4333333 1046.0 9306.63 7 574 35944.8 151.0 1.5 4532.42 0.0 172.8 47414.08 333 212 29 7 0 0 581 0 0 6613.96 581
2015,8,22,2,3 	1 1 17416.1166667 917.0 7697.92 3 492 30968.5 42.5 0.0 3662.26 0.0 147.9 40462.66 296 174 20 5 0 0 495 0 0 5641.5 495
2015,10,12,2,3 	1 1 27946.2333333 1441.0 13445.26 7 821 52373.0 77.5 0.0 6813.9 0.0 247.8 69357.23 524 276 23 5 0 0 828 0 0 9845.03 828
2015,1,1,2,3 	1 1 22280.9666667 1609.0 13165.55 8 809 50493.5 48.0 0.0 4418.78 0.0 124.8 64969.88 368 418 23 8 0 0 817 0 0 9770.2 817
2015,8,26,2,3 	1 1 21355.4 1037.0 9271.68 5 596 37781.8 120.0 0.5 5098.23 0.0 179.7 50187.78 371 191 33 6 0 0 601 0 0 7024.5 601
2015,10,16,2,3 	1 1 33129.8666667 1347.0 13115.38 10 804 53354.0 194.5 0.0 8374.46 0.0 243.9 71998.3 587 192 28 7 0 0 814 0 0 9831.44 814
2015,6,8,2,3 	1 1 23626.35 1201.0 10915.11 7 691 43564.5 180.5 0.5 5926.98 0.0 206.4 57999.66 438 228 25 7 0 0 698 0 0 8120.78 698
2015,11,24,2,3 	1 1 35914.0333333 1482.0 13549.05 7 848 55861.34 225.5 1.0 8578.05 0.0 255.3 75114.71 620 206 22 7 0 0 855 0 0 10207.57 855
2015,11,20,2,3 	1 1 40800.85 1707.0 16325.09 11 1004 66330.0 231.5 0.0 11351.34 0.0 301.5 91373.29 779 199 31 6 0 0 1015 0 0 13158.95 1015
2015,11,28,2,3 	1 1 19368.3833333 1084.0 9242.13 4 558 35810.0 51.0 0.0 3937.26 0.0 166.8 46627.98 311 224 22 5 0 0 562 0 0 6662.92 562
2015,6,24,2,3 	1 1 27921.2333333 1098.0 10710.36 3 650 43588.0 175.0 0.0 6675.2 0.0 194.1 58494.43 456 169 21 7 0 0 653 0 0 7841.41 653
2015,2,17,2,3 	1 1 26584.3666667 1300.0 12941.08 6 791 50302.3 196.0 0.5 7409.9 0.0 239.1 67481.47 544 224 27 2 0 0 797 0 0 9334.27 797
2015,2,13,2,3 	1 1 40337.95 1732.0 16099.7 12 1019 66563.4 226.5 1.0 10905.65 0.0 309.3 89905.3 780 200 40 11 0 0 1031 0 0 11901.25 1031
2015,5,9,2,3 	1 1 20491.8 1046.0 10162.24 2 638 40175.5 63.5 0.0 5614.43 0.0 191.4 54269.21 423 186 25 6 0 0 640 0 0 8224.38 640
2015,9,16,2,3 	1 1 35891.5 1226.0 11845.69 7 724 49172.51 169.0 0.5 7818.67 0.0 219.3 67132.91 535 163 27 6 0 0 731 0 0 9752.93 731
2015,5,1,2,3 	1 1 38470.7 1589.0 14770.39 10 925 60551.5 227.5 0.0 10262.64 0.0 279.3 82101.9 698 197 31 9 0 0 935 0 0 10780.96 935
2015,5,5,2,3 	1 1 24991.55 1080.0 10181.03 4 636 40497.5 144.0 1.0 5945.68 0.0 188.4 54335.4 426 184 22 8 0 0 640 0 0 7558.82 640
2015,9,5,2,3 	1 1 20699.45 1024.0 9070.14 1 565 35262.8 53.0 0.0 4682.73 0.0 168.3 46664.85 332 204 28 2 0 0 566 0 0 6498.02 566
2015,9,1,2,3 	1 1 20958.9833333 938.0 8557.13 9 541 34451.0 136.0 0.5 5109.55 0.0 160.8 46190.56 362 156 28 4 0 0 550 0 0 6332.71 550
2015,9,9,2,3 	1 1 21632.7333333 1032.0 9479.58 5 593 38208.11 169.0 0.5 5372.11 0.0 178.8 51731.24 385 181 25 7 0 0 598 0 0 7802.72 598
2015,4,11,2,3 	1 1 23207.6 1136.0 10224.03 17 616 40837.0 54.5 0.0 5247.12 0.0 189.9 54530.44 378 219 27 9 0 0 633 0 0 8201.92 633
2015,4,15,2,3 	1 1 23755.0666667 1130.0 10304.97 8 644 41297.5 140.0 0.0 6713.61 0.0 194.4 55982.1 468 161 18 5 0 0 652 0 0 7636.59 652
2015,4,19,2,3 	1 1 29872.55 1630.0 13878.38 10 863 55734.5 44.5 1.0 7166.66 0.0 260.7 73436.96 534 297 34 8 0 0 873 0 0 10230.8 873
2015,5,16,2,3 	1 1 24434.9333333 1223.0 10973.41 4 688 44300.0 66.5 0.0 6173.53 0.0 206.4 58603.75 466 191 31 4 0 0 692 0 0 7857.32 692
2015,12,29,2,3 	1 1 16707.0333333 892.0 7674.48 2 486 30031.0 126.0 0.0 3130.14 0.0 144.6 39099.14 250 209 26 3 0 0 488 0 0 5667.4 488
2015,12,25,2,3 	1 1 13552.3 809.0 7173.62 2 422 27186.0 44.0 0.5 4007.78 0.0 127.2 36675.18 302 108 10 4 0 0 424 0 0 5309.7 424
2015,12,21,2,3 	1 1 35683.8 1612.0 14403.72 1 879 56452.0 220.0 0.0 8614.83 0.0 262.2 76398.84 629 212 32 7 0 0 880 0 0 10849.81 880
2015,3,25,2,3 	1 1 23600.3166667 1136.0 10130.09 7 636 41033.5 159.0 0.0 6768.53 0.0 192.9 55714.33 471 154 15 3 0 0 643 0 0 7561.0 643
2015,1,12,2,3 	1 1 16454.4333333 865.0 8468.75 10 511 32863.5 119.0 0.5 4519.68 0.0 155.7 43624.64 346 158 11 6 0 0 521 0 0 5931.69 521
2015,4,26,2,3 	1 1 31637.6333333 1570.0 14186.36 9 883 56692.0 49.0 0.5 7395.94 0.0 264.9 75083.45 550 305 32 5 0 0 892 0 0 10681.11 892
2015,1,16,2,3 	1 1 27928.0 1326.0 12176.75 11 781 49125.0 172.5 0.0 7977.12 0.0 236.7 66503.82 585 169 31 7 0 0 792 0 0 8971.64 792
2015,4,22,2,3 	1 1 30389.7166667 1159.0 11122.44 10 689 44781.64 164.0 0.0 6804.2 0.0 209.1 60272.29 488 168 34 9 0 0 699 0 0 8330.94 699
2015,9,23,2,3 	1 1 18301.4666667 931.0 8851.59 6 557 34933.89 132.5 1.0 4729.43 0.0 167.7 47235.55 350 191 20 2 0 0 563 0 0 7271.03 563
2015,3,29,2,3 	1 1 24299.8833333 1271.0 11278.55 3 684 44197.8 54.5 0.0 5621.58 0.0 206.1 58366.04 427 233 26 1 0 0 687 0 0 8286.66 687
2015,3,21,2,3 	1 1 22275.15 1179.0 10913.37 1 662 42087.51 69.0 0.0 6195.89 0.0 198.3 56303.37 461 174 24 4 0 0 663 0 0 7753.87 663
2015,4,2,2,3 	1 1 34701.2333333 1362.0 12585.13 14 772 52172.3 233.0 1.0 8562.46 0.0 234.9 70637.86 588 171 21 6 0 0 786 0 0 9434.8 786
2015,7,29,2,3 	1 1 26175.4 1117.0 10209.15 7 637 41589.5 170.5 0.5 6102.32 0.0 192.0 55522.13 424 185 29 6 0 0 644 0 0 7467.31 644
2015,4,6,2,3 	1 1 25808.1 1352.0 11590.75 9 720 46401.0 197.5 1.0 5259.41 0.0 218.7 60419.57 396 299 28 6 0 0 729 0 0 8343.76 729
2015,7,21,2,3 	1 1 22908.0333333 1073.0 9620.85 4 602 38965.5 190.0 0.0 5437.86 0.0 180.6 51856.64 381 193 24 8 0 0 606 0 0 7082.68 606
2015,7,25,2,3 	1 1 23356.9833333 1116.0 9944.84 3 603 39468.0 60.5 0.0 4870.78 0.0 181.8 51797.77 364 207 30 5 0 0 606 0 0 7216.69 606
2015,3,18,2,3 	1 1 28498.6166667 1180.0 10840.98 5 674 43235.0 196.0 1.0 6848.73 0.0 203.7 58523.05 460 190 25 4 0 0 679 0 0 8040.42 679
2015,10,9,2,3 	1 1 43897.6 1638.0 15313.67 16 950 63921.5 218.0 0.0 9868.77 0.0 288.0 85558.74 699 233 27 7 0 0 966 0 0 11262.47 966
2015,7,3,2,3 	1 1 18044.7333333 979.0 9637.13 2 587 37253.0 85.0 0.0 5286.29 0.0 176.1 49697.96 407 163 17 2 0 0 589 0 0 6897.57 589
2015,8,6,2,3 	1 1 15381.2333333 757.0 6729.28 6 427 26715.8 39.5 0.0 4057.75 0.0 128.1 35864.42 278 136 14 5 0 0 433 0 0 4913.27 433
2015,10,5,2,3 	1 1 19665.45 1034.0 9402.54 7 581 36792.5 144.5 0.0 4862.46 0.0 174.6 48829.88 357 199 22 10 0 0 588 0 0 6856.12 588
2015,7,7,2,3 	1 1 20732.5833333 989.0 8753.52 3 541 35312.0 148.0 0.0 4790.06 0.0 159.6 46690.91 343 177 20 4 0 0 544 0 0 6281.25 544
2015,8,2,2,3 	1 1 25093.3666667 1311.0 11477.47 5 695 44303.5 45.5 0.5 5428.3 0.0 206.4 60215.75 426 236 29 9 0 0 700 0 0 10231.55 700
2015,3,14,2,3 	1 1 20072.15 1108.0 9988.34 9 614 39052.5 62.0 0.0 5628.77 0.0 186.9 52070.39 421 180 18 4 0 0 623 0 0 7142.02 623
2015,5,30,2,3 	1 1 18858.4 1025.0 9094.48 3 558 35669.5 46.5 0.0 5034.96 0.0 166.5 47642.22 376 162 22 1 0 0 561 0 0 6724.76 561
2015,9,30,2,3 	1 1 25147.5666667 1110.0 10950.36 8 682 43543.0 157.5 0.0 7028.79 0.0 205.2 59261.04 492 163 30 5 0 0 690 0 0 8326.55 690
2015,7,18,2,3 	1 1 19263.0166667 918.0 8425.8 5 515 33339.5 53.0 0.0 4290.4 0.0 154.8 43796.64 325 170 21 4 0 0 520 0 0 5958.94 520
2015,7,14,2,3 	1 1 19653.1166667 854.0 8670.62 6 520 34681.5 132.0 0.0 4904.05 0.0 157.8 46152.37 351 153 21 1 0 0 526 0 0 6277.02 526
2015,9,27,2,3 	1 1 26820.0666667 1591.0 13417.36 5 856 53333.0 50.0 0.0 6483.87 0.0 257.1 70684.87 522 293 39 7 0 0 861 0 0 10560.9 861
2015,7,10,2,3 	1 1 30738.5 1244.0 10895.74 4 676 45257.0 192.0 0.0 6521.9 0.0 202.8 59938.86 471 178 27 4 0 0 680 0 0 7765.16 680
2015,1,30,2,4 	1 1 4473.4 200.0 2307.61 2 129 8697.5 46.5 65.5 983.79 0.0 39.3 10075.55 81 48 1 1 0 0 131 0 0 242.96 131
2015,5,23,2,4 	1 1 3329.46666667 178.0 1784.61 3 106 6560.0 22.5 54.5 602.13 0.0 32.7 7540.71 51 52 6 0 0 0 109 0 0 268.88 109
2015,11,8,2,4 	1 1 4574.78333333 247.0 2518.39 3 143 9379.35 26.0 73.0 1092.32 0.0 43.8 10857.61 77 62 5 2 0 0 146 0 0 243.14 146
2015,11,4,2,4 	1 1 5821.78333333 226.0 2528.26 1 152 9300.5 60.0 76.5 1207.86 0.0 45.9 10986.68 96 51 4 2 0 0 153 0 0 295.92 153
2015,6,28,2,4 	1 1 5744.95 216.0 2359.61 2 135 8847.0 30.0 67.5 749.76 0.0 40.5 10057.82 68 66 3 0 0 0 137 0 0 323.86 137
2015,5,12,2,4 	1 1 5203.03333333 236.0 2476.44 4 146 9437.0 68.0 75.0 1021.31 0.0 45.0 10891.31 83 60 6 1 0 0 150 0 0 245.0 150
2015,3,7,2,4 	1 1 3145.98333333 153.0 1523.27 0 99 5658.28 25.52 49.5 440.29 0.0 29.7 6431.79 46 45 2 6 0 0 99 0 0 228.5 99
2015,6,20,2,4 	1 1 4383.25 219.0 2075.1 1 128 7843.9 32.5 64.5 794.19 0.0 38.7 9048.03 71 52 4 2 0 0 129 0 0 274.24 129
2015,3,3,2,4 	1 1 5588.28333333 246.0 2435.59 3 151 9348.0 61.5 77.0 896.6 0.0 46.2 10692.61 80 68 4 2 0 0 154 0 0 263.31 154
2015,10,27,2,4 	1 1 6862.65 246.0 2492.38 4 146 9530.5 66.5 75.0 1035.73 0.0 45.0 11020.73 88 60 2 0 0 0 150 0 0 268.0 150
2015,11,17,2,4 	1 1 6808.33333334 270.0 2679.32 2 165 10010.0 65.0 83.5 1264.58 0.0 50.1 11718.82 106 54 6 1 0 0 167 0 0 245.64 167
2015,11,13,2,4 	1 1 6211.96666667 272.0 2894.83 5 168 11175.34 76.52 86.5 1493.72 0.0 51.9 13086.47 115 52 6 0 0 0 173 0 0 202.49 173
2015,12,10,2,4 	1 1 8691.16666667 264.0 2953.09 2 159 15169.25 69.5 79.75 1544.24 0.0 47.7 17278.92 110 48 2 1 0 0 161 0 0 368.48 161
2015,1,27,2,4 	1 1 750.95 45.0 441.28 0 31 1611.0 17.5 15.5 157.62 0.0 9.3 1854.65 17 12 2 0 0 0 31 0 0 43.73 31
2015,1,23,2,4 	1 1 5123.13333333 263.0 3198.11 0 158 9321.3 55.5 79.0 1284.23 0.0 47.4 11061.43 103 52 2 1 0 0 158 0 0 274.0 158
2015,5,27,2,4 	1 1 5707.6 256.0 2562.18 5 154 9528.0 61.0 75.5 1084.89 0.0 47.7 11055.6 87 62 10 0 0 0 159 0 0 258.51 159
2015,2,24,2,4 	1 1 5935.41666667 305.0 3017.54 2 176 11165.5 63.5 89.0 1124.39 0.0 53.4 12738.87 95 78 3 2 0 0 178 0 0 243.08 178
2015,2,20,2,4 	1 1 5390.38333333 307.0 3063.33 6 177 11432.5 67.0 91.5 1097.86 0.0 54.9 13026.07 100 73 9 1 0 0 183 0 0 282.31 183
2015,2,28,2,4 	1 1 3765.56666667 178.0 2046.16 1 119 7584.5 23.5 60.0 922.63 0.0 36.0 8845.7 74 42 3 1 0 0 120 0 0 219.07 120
2015,6,4,2,4 	1 1 6570.96666667 293.0 2862.38 1 167 10684.5 77.0 84.0 1213.96 0.0 50.4 12409.96 107 58 1 2 0 0 168 0 0 300.1 168
2015,2,8,2,4 	1 1 3594.91666667 236.0 2020.28 1 125 7256.5 22.5 63.0 480.46 0.0 37.8 8078.95 65 57 4 0 0 0 126 0 0 183.95 126
2015,2,4,2,4 	1 1 4798.0 249.0 2254.24 1 135 8286.0 56.5 68.0 1070.77 0.0 40.8 9763.65 85 46 4 1 0 0 136 0 0 247.71 136
2015,12,7,2,4 	1 1 7065.03333333 339.0 3548.96 4 190 13589.06 68.04 97.0 1802.37 0.0 58.2 15987.99 115 63 16 0 0 0 194 0 0 374.12 194
2015,12,3,2,4 	1 1 6557.25 293.0 3201.96 4 171 12417.45 76.0 87.5 1513.04 0.0 52.5 14518.7 117 52 6 0 0 0 175 0 0 372.21 175
2015,12,14,2,4 	1 1 6709.35 316.0 3240.19 0 180 12605.0 79.0 90.0 1808.52 0.0 54.0 15010.21 115 59 6 0 0 0 180 0 0 373.69 180
2015,10,23,2,4 	1 1 6475.06666667 291.0 2925.85 3 180 10983.5 80.64 91.5 1290.2 0.0 54.9 12774.73 109 62 11 1 0 0 183 0 0 273.99 183
2015,12,18,2,4 	1 1 6515.98333333 281.0 3268.38 2 168 12117.0 73.02 85.0 1577.44 0.0 51.0 14329.04 105 58 7 0 0 0 170 0 0 425.58 170
2015,8,19,2,4 	1 1 246.433333333 11.0 129.64 0 10 482.0 5.0 5.0 70.44 0.0 3.0 576.52 8 2 0 0 0 0 10 0 0 11.08 10
2015,3,10,2,4 	1 1 5711.38333333 263.0 2516.14 2 151 9262.5 53.0 76.5 868.68 0.0 45.9 10543.66 77 70 5 1 0 0 153 0 0 237.08 153
2015,10,30,2,4 	1 1 6645.63333333 281.0 3001.54 1 172 11520.5 69.04 86.5 1320.66 0.0 51.9 13348.61 97 68 5 3 0 0 173 0 0 300.01 173
2015,10,1,2,4 	1 1 8198.2 303.0 3360.28 1 188 12416.5 72.0 94.5 1522.13 0.0 56.4 14525.55 116 70 3 0 0 0 189 0 0 364.02 189
2015,9,12,2,4 	1 1 3973.6 224.0 2149.01 1 130 7799.06 28.54 65.5 763.03 0.0 39.3 8928.19 61 62 8 0 0 0 131 0 0 232.76 131
2015,6,13,2,4 	1 1 5156.55 194.0 2440.79 2 121 9427.0 27.0 61.5 775.42 0.0 36.9 10564.58 66 54 3 0 0 0 123 0 0 236.76 123
2015,1,9,2,4 	1 1 5221.83333333 231.0 2354.64 1 143 8774.0 55.0 72.0 1299.08 0.0 43.2 10423.44 94 48 1 1 0 0 144 0 0 180.16 144
2015,6,17,2,4 	1 1 6603.8 264.0 2750.1 4 170 10334.5 79.5 87.0 1226.4 0.0 52.2 12101.09 104 70 0 0 0 0 174 0 0 321.49 174
2015,1,5,2,4 	1 1 5313.21666667 337.0 2912.67 3 181 10403.0 65.0 92.0 970.64 0.0 54.9 11879.01 95 83 6 0 0 0 184 0 0 293.47 184
2015,8,22,2,4 	1 1 7664.05 317.0 2931.67 4 162 12815.5 36.5 82.5 778.04 0.0 49.5 14077.01 74 86 6 0 0 0 166 0 0 314.97 166
2015,10,12,2,4 	1 1 6202.06666667 332.0 3457.0 1 204 12678.35 40.0 102.5 1526.69 0.0 61.5 14840.34 121 77 5 2 0 0 205 0 0 431.3 205
2015,1,1,2,4 	1 1 3324.5 240.0 2028.25 2 120 7315.1 31.0 61.0 431.02 0.0 17.4 8051.74 47 72 2 1 0 0 122 0 0 178.22 122
2015,8,26,2,4 	1 1 4868.26666667 274.0 2545.47 2 153 11212.28 62.0 77.5 1060.45 0.0 46.5 12735.9 83 65 6 1 0 0 155 0 0 277.17 155
2015,10,16,2,4 	1 1 5373.93333333 236.0 2508.51 0 152 9535.5 64.0 76.0 998.84 0.0 45.6 11058.19 78 67 5 2 0 0 152 0 0 338.25 152
2015,6,8,2,4 	1 1 7890.9 318.0 3335.19 2 182 12729.5 66.5 92.0 1459.65 0.0 55.2 14870.72 118 61 5 0 0 0 184 0 0 467.87 184
2015,11,24,2,4 	1 1 6441.8 276.0 2817.77 2 165 11106.0 74.5 83.5 1326.32 0.0 50.1 12956.29 100 55 8 4 0 0 167 0 0 315.87 167
2015,11,20,2,4 	1 1 7497.01666667 295.0 3513.33 1 195 13148.99 87.0 97.5 1823.11 0.0 58.5 15577.71 138 53 2 3 0 0 196 0 0 362.61 196
2015,11,28,2,4 	1 1 5141.78333333 199.0 2106.41 1 115 7954.0 21.0 58.0 562.07 0.0 34.8 8876.44 54 58 2 2 0 0 116 0 0 246.57 116
2015,6,24,2,4 	1 1 6070.2 259.0 2907.17 3 169 11543.0 73.5 86.0 1577.98 0.0 51.6 13681.45 107 60 2 3 0 0 172 0 0 349.37 172
2015,2,17,2,4 	1 1 3930.13333333 227.0 2134.0 3 127 7761.5 47.5 65.0 801.01 0.0 39.0 8934.81 69 58 2 1 0 0 130 0 0 220.8 130
2015,2,13,2,4 	1 1 4727.1 253.0 2364.12 0 142 8687.5 62.5 70.5 1115.77 0.0 42.3 10203.63 100 38 4 0 0 0 142 0 0 225.06 142
2015,5,9,2,4 	1 1 4437.65 224.0 2185.54 4 128 8143.0 33.5 66.0 844.85 0.0 39.6 9385.05 78 46 7 1 0 0 132 0 0 258.1 132
2015,9,16,2,4 	1 1 7008.81666667 304.0 3269.7 5 183 12412.0 85.0 94.0 1354.16 0.0 56.4 14321.78 108 76 3 1 0 0 188 0 0 320.22 188
2015,5,1,2,4 	1 1 5093.71666667 247.0 2402.08 2 163 8959.5 79.0 82.5 1056.75 0.0 49.5 10486.23 92 60 12 1 0 0 165 0 0 258.98 165
2015,5,5,2,4 	1 1 5394.71666667 258.0 2649.29 6 159 9884.5 67.5 82.0 1120.7 0.0 49.2 11474.2 88 70 6 1 0 0 165 0 0 270.3 165
2015,9,5,2,4 	1 1 5307.43333333 193.0 1862.38 0 108 8126.28 21.5 54.0 565.21 0.0 32.4 9038.04 54 53 1 0 0 0 108 0 0 238.65 108
2015,9,1,2,4 	1 1 5591.58333333 312.0 2743.56 4 167 12219.0 70.5 85.0 696.68 0.0 51.0 13432.72 68 101 1 1 0 0 171 0 0 310.54 171
2015,9,9,2,4 	1 1 6591.76666667 263.0 2542.95 2 149 10663.25 58.0 75.5 1026.54 0.0 45.3 12143.68 73 72 5 1 0 0 151 0 0 275.09 151
2015,4,11,2,4 	1 1 6203.88333334 311.0 2513.37 7 156 9292.0 37.0 81.5 883.46 0.0 48.9 10603.22 80 83 0 0 0 0 163 0 0 260.36 163
2015,4,15,2,4 	1 1 6044.35 293.0 2858.79 3 175 10588.15 82.5 89.0 1324.59 0.0 53.4 12387.47 108 67 2 1 0 0 178 0 0 249.83 178
2015,4,19,2,4 	1 1 4484.15 234.0 2489.2 1 144 9192.0 33.0 72.5 981.93 0.0 43.5 10565.44 82 59 3 1 0 0 145 0 0 242.51 145
2015,5,16,2,4 	1 1 4567.9 218.0 2182.63 1 128 8032.5 27.5 64.5 856.7 0.0 38.7 9243.51 68 60 1 0 0 0 129 0 0 223.61 129
2015,12,29,2,4 	1 1 4431.55 203.0 1861.47 2 117 6670.14 52.5 59.5 707.4 0.0 35.7 7803.57 62 51 6 0 0 0 119 0 0 278.33 119
2015,12,25,2,4 	1 1 2456.0 167.0 1444.59 0 82 5454.5 14.0 41.0 460.82 0.0 24.6 6115.31 44 36 2 0 0 0 82 0 0 120.39 82
2015,12,21,2,4 	1 1 4060.13333333 236.0 2004.18 2 119 7557.28 51.0 60.5 708.97 0.0 36.3 8593.29 64 49 8 0 0 0 121 0 0 187.08 121
2015,3,25,2,4 	1 1 5438.11666667 209.0 4859.25 3 134 9612.0 61.0 68.5 1234.92 0.0 41.1 11274.16 86 47 4 0 0 0 137 0 0 256.64 137
2015,1,12,2,4 	1 1 4313.56666667 221.0 2207.57 2 135 8295.0 54.0 68.5 820.06 0.0 41.1 9507.35 75 59 3 0 0 0 137 0 0 228.69 137
2015,4,26,2,4 	1 1 4034.25 203.0 2239.85 3 124 8402.5 25.0 63.5 784.86 0.0 38.1 9605.15 68 51 3 5 0 0 127 0 0 291.19 127
2015,1,16,2,4 	1 1 6270.7 261.0 2704.25 5 151 10149.45 64.0 78.0 1326.18 0.0 45.9 11961.34 95 55 3 3 0 0 156 0 0 297.81 156
2015,4,22,2,4 	1 1 4712.18333333 253.0 2395.45 3 154 9054.5 54.5 71.5 1161.51 0.0 46.8 10598.41 100 53 4 0 0 0 157 0 0 209.6 157
2015,9,23,2,4 	1 1 4218.71666667 177.0 2390.6 1 133 8798.45 58.5 67.0 938.99 0.0 40.2 10191.57 76 54 2 2 0 0 134 0 0 288.43 134
2015,3,29,2,4 	1 1 4824.65 201.0 2669.71 3 137 9708.0 32.0 70.0 962.2 0.0 42.0 11126.3 82 53 3 2 0 0 140 0 0 312.1 140
2015,3,21,2,4 	1 1 3730.76666667 216.0 2190.43 0 122 8423.0 29.5 61.0 706.6 0.0 36.6 9426.64 65 53 4 0 0 0 122 0 0 169.94 122
2015,4,2,2,4 	1 1 5470.91666667 212.0 2447.84 2 140 9514.5 66.0 71.0 1077.95 0.0 42.6 11053.87 87 55 0 0 0 0 142 0 0 281.82 142
2015,7,29,2,4 	1 1 5133.15 247.0 2675.13 1 148 10012.8 60.0 74.5 1131.1 0.0 44.7 11586.87 95 47 5 2 0 0 149 0 0 263.77 149
2015,4,6,2,4 	1 1 5226.61666667 278.0 2711.51 2 153 9912.5 49.5 77.5 867.38 0.0 46.5 11270.16 73 80 1 1 0 0 155 0 0 316.78 155
2015,7,21,2,4 	1 1 5287.08333333 301.0 2870.38 2 165 10894.5 65.5 83.5 1089.89 0.0 50.1 12443.12 94 66 5 2 0 0 167 0 0 259.63 167
2015,7,25,2,4 	1 1 4568.96666667 222.0 2253.14 3 137 8732.35 32.5 70.0 528.52 0.0 42.0 9633.4 61 77 1 1 0 0 140 0 0 228.03 140
2015,3,18,2,4 	1 1 6774.56666666 281.0 2808.55 1 153 10425.2 71.0 76.5 1159.17 0.0 46.2 12004.2 83 62 8 1 0 0 154 0 0 226.13 154
2015,10,9,2,4 	1 1 6847.45 291.0 3023.31 9 164 11460.5 60.0 86.5 1404.63 0.0 51.9 13369.5 109 56 5 3 0 0 173 0 0 306.77 173
2015,7,3,2,4 	1 1 3257.8 185.0 1766.26 2 113 6360.5 36.0 57.5 746.67 0.0 34.5 7400.22 54 55 6 0 0 0 115 0 0 165.05 115
2015,8,6,2,4 	1 1 1980.86666667 116.0 1021.07 0 75 3830.7 12.5 37.5 453.71 0.0 22.5 4445.89 36 34 4 1 0 0 75 0 0 88.98 75
2015,10,5,2,4 	1 1 5082.93333333 253.0 2781.77 2 161 10397.95 58.5 81.5 1237.11 0.0 48.9 12058.46 91 66 2 4 0 0 163 0 0 234.5 163
2015,7,7,2,4 	1 1 4609.43333333 227.0 2509.29 1 134 9360.5 54.0 67.5 1076.29 0.0 40.5 10903.28 80 49 4 2 0 0 135 0 0 304.49 135
2015,8,2,2,4 	1 1 5205.65 309.0 2920.55 3 163 11039.5 36.5 83.0 1006.03 0.0 49.8 12450.94 83 76 7 0 0 0 166 0 0 236.11 166
2015,3,14,2,4 	1 1 3987.68333333 200.0 2045.49 1 112 7491.5 29.5 55.5 771.13 0.0 33.9 8584.76 65 41 5 2 0 0 113 0 0 203.83 113
2015,5,30,2,4 	1 1 3681.03333333 163.0 1979.64 1 101 7634.65 23.5 51.0 713.42 0.0 30.6 8716.35 62 35 3 2 0 0 102 0 0 263.18 102
2015,9,30,2,4 	1 1 6266.63333333 290.0 3148.28 1 173 11715.5 81.5 87.0 1452.79 0.0 52.2 13768.15 113 60 1 0 0 0 174 0 0 379.16 174
2015,7,18,2,4 	1 1 4164.45 257.0 2424.43 2 130 8985.5 30.0 66.0 759.5 0.0 39.6 10104.88 58 67 6 1 0 0 132 0 0 224.28 132
2015,7,14,2,4 	1 1 5283.03333333 262.0 2715.56 1 160 10401.0 72.0 80.5 1306.29 0.0 48.3 12208.15 98 59 1 3 0 0 161 0 0 300.06 161
2015,9,27,2,4 	1 1 6193.66666667 252.0 2758.36 6 139 10339.5 30.5 72.5 1117.81 0.0 43.5 12001.19 84 53 6 2 0 0 145 0 0 397.38 145
2015,7,10,2,4 	1 1 7111.38333333 298.0 2713.12 5 165 10128.5 75.5 84.5 1076.77 0.0 51.0 11661.21 97 65 7 1 0 0 170 0 0 244.94 170
2015,1,30,2,5 	1 1 15877.0 1561.0 6979.07 30 1255 70189.46 0.5 147.5 7660.29 0.0 369.0 83061.19 975 236 56 18 0 0 1285 0 0 4699.24 1285
2015,5,23,2,5 	1 1 19863.0666667 1932.0 7907.59 10 1248 64194.04 0.5 175.0 5739.05 0.0 368.4 74441.39 895 283 65 15 0 0 1258 0 0 3964.4 1258
2015,11,8,2,5 	1 1 23605.6666667 2166.0 9971.58 27 1453 89406.32 0.5 210.0 9871.67 0.0 429.6 104670.81 1135 266 65 14 0 0 1480 0 0 4752.72 1480
2015,11,4,2,5 	1 1 17330.9833333 1540.0 7616.16 17 1166 69975.15 1.5 172.0 9013.22 0.0 345.6 83665.47 936 183 54 10 0 0 1183 0 0 4158.0 1183
2015,6,28,2,5 	1 1 21857.4333333 1978.0 8907.3 21 1351 81002.04 0.0 186.5 9754.68 0.0 395.7 95361.35 1016 247 74 35 0 0 1372 0 0 4022.43 1372
2015,5,12,2,5 	1 1 22652.1 1572.0 8634.55 18 1222 74833.5 0.5 160.0 9606.49 0.0 357.6 89134.34 956 235 47 2 0 0 1240 0 0 4177.85 1240
2015,3,7,2,5 	1 1 22568.2 2064.0 7531.98 20 1483 76595.8 1256.05 201.5 8489.43 0.0 437.4 90943.58 1178 247 67 11 0 0 1503 0 0 3968.2 1503
2015,6,20,2,5 	1 1 23590.9166667 1792.0 7224.85 18 1224 69289.52 0.0 174.5 7578.07 0.0 358.2 81203.63 946 233 52 11 0 0 1242 0 0 3803.34 1242
2015,3,3,2,5 	1 1 27052.6833333 1548.0 7689.56 26 1239 77936.25 0.0 147.5 10251.79 0.0 361.8 93220.7 1003 204 42 16 0 0 1265 0 0 4525.76 1265
2015,10,27,2,5 	1 1 15774.3333333 1321.0 6412.04 21 986 58364.66 2.0 130.0 6859.58 0.0 293.4 69339.29 776 170 53 8 0 0 1007 0 0 3689.65 1007
2015,11,17,2,5 	1 1 20122.3833333 1480.0 7601.68 31 1116 68182.5 1.0 153.0 9884.93 0.0 332.1 82113.73 898 188 50 11 0 0 1147 0 0 3560.2 1147
2015,11,13,2,5 	1 1 23206.35 1704.0 8719.24 28 1312 78817.4 1.5 188.0 9052.36 0.0 385.8 93083.09 1007 251 65 17 0 0 1340 0 0 4638.03 1340
2015,12,10,2,5 	1 1 28836.8166667 1883.0 10307.23 21 1515 91027.88 0.5 217.0 11853.38 0.0 448.5 109294.5 1166 248 85 37 0 0 1536 0 0 5747.24 1536
2015,1,27,2,5 	1 1 2218.43333333 291.0 1035.67 2 228 11880.59 0.0 32.5 1232.42 0.0 65.1 13881.46 177 42 9 2 0 0 230 0 0 670.85 230
2015,1,23,2,5 	1 1 18172.5333333 1615.0 7797.73 30 1301 74969.61 1001.99 151.0 8457.03 0.0 382.5 89942.97 1038 235 31 27 0 0 1331 0 0 4983.84 1331
2015,5,27,2,5 	1 1 20617.5 1500.0 7489.76 25 1112 66490.51 0.5 131.0 8268.99 0.0 328.5 79107.56 904 168 51 14 0 0 1137 0 0 3888.06 1137
2015,2,24,2,5 	1 1 19005.4 1622.0 8843.06 21 1318 80723.47 601.62 149.5 9664.33 0.0 385.5 95997.08 1079 189 49 22 0 0 1339 0 0 4476.26 1339
2015,2,20,2,5 	1 1 22722.6666667 1842.0 8657.6 23 1412 78731.42 1.5 177.0 9656.82 0.0 415.2 93404.49 1142 217 51 25 0 0 1435 0 0 4425.55 1435
2015,2,28,2,5 	1 1 20804.95 2048.0 7770.82 23 1488 73212.18 0.5 210.0 7861.58 0.0 438.3 85691.19 1153 258 84 16 0 0 1511 0 0 3974.03 1511
2015,6,4,2,5 	1 1 770312.683334 1970.0 9474.0 38 1518 84008.71 0.5 179.5 10297.25 0.0 453.0 99292.85 1103 300 123 30 0 0 1556 0 0 4354.69 1556
2015,2,8,2,5 	1 1 22700.9833333 2042.0 7654.06 21 1472 74916.58 0.5 199.0 8103.69 0.0 436.5 87480.11 1113 277 87 16 0 0 1493 0 0 3828.64 1493
2015,2,4,2,5 	1 1 20491.55 1704.0 8022.84 25 1361 81182.59 0.0 148.5 9852.81 0.0 399.0 96260.58 1140 175 59 12 0 0 1386 0 0 4678.58 1386
2015,12,7,2,5 	1 1 21709.9 1446.0 7374.92 19 1077 69503.77 0.5 155.5 8395.9 0.0 321.6 82071.18 841 180 63 12 0 0 1096 0 0 3693.91 1096
2015,12,3,2,5 	1 1 27461.9833333 1828.0 9533.17 25 1441 88612.21 1.5 198.0 11614.39 0.0 428.4 105817.13 1158 222 73 13 0 0 1466 0 0 4962.63 1466
2015,12,14,2,5 	1 1 21560.5 1363.0 6725.58 15 1022 62738.15 1.0 141.0 8135.22 0.0 302.4 75122.99 797 163 67 10 0 0 1037 0 0 3805.22 1037
2015,10,23,2,5 	1 1 27602.95 1778.0 8981.9 24 1352 78032.97 2.5 196.0 9585.9 0.0 401.7 92313.53 1047 247 74 8 0 0 1376 0 0 4094.46 1376
2015,12,18,2,5 	1 1 33012.4833333 2142.0 10671.66 39 1651 98877.81 0.5 215.5 12311.75 0.0 492.0 117848.69 1278 306 86 20 0 0 1690 0 0 5951.13 1690
2015,8,19,2,5 	1 1 1538.75 179.0 690.27 3 137 7421.14 0.0 21.5 886.99 0.0 39.9 8796.43 108 23 5 4 0 0 140 0 0 427.2 140
2015,3,10,2,5 	1 1 22355.8333333 1493.0 7426.4 21 1203 74330.25 8.22 159.0 8962.36 0.0 349.2 87792.29 1008 161 42 13 0 0 1224 0 0 3984.46 1224
2015,10,30,2,5 	1 1 27318.4166667 1689.0 7640.09 21 1285 72546.41 1.0 167.5 8480.74 0.0 380.7 85742.0 989 239 66 12 0 0 1306 0 0 4165.65 1306
2015,10,1,2,5 	1 1 25834.15 1754.0 9291.0 16 1383 83178.73 1.0 197.5 10736.08 0.0 406.2 99458.94 1076 239 70 14 0 0 1399 0 0 4939.43 1399
2015,9,12,2,5 	1 1 22966.7 1829.0 7369.28 26 1299 69622.97 1.0 190.0 7893.01 0.0 380.4 81919.47 962 286 60 17 0 0 1325 0 0 3832.09 1325
2015,6,13,2,5 	1 1 22299.2 2026.0 8533.45 32 1423 74511.61 0.5 200.5 8186.53 0.0 417.3 87359.34 1059 299 70 27 0 0 1455 0 0 4043.7 1455
2015,1,9,2,5 	1 1 15925.9666667 1520.0 6870.67 28 1180 69856.27 0.0 138.5 7941.47 0.0 348.3 81686.96 915 216 66 11 0 0 1208 0 0 3404.42 1208
2015,6,17,2,5 	1 1 24081.1666667 1773.0 9351.69 23 1329 78949.14 0.0 176.0 10363.96 0.0 386.7 95182.98 1032 224 68 28 0 0 1352 0 0 5307.18 1352
2015,1,5,2,5 	1 1 16119.7666667 1378.0 6974.62 18 1023 66896.0 0.5 118.5 6906.9 0.0 292.8 77679.24 807 178 46 10 0 0 1041 0 0 3465.14 1041
2015,8,22,2,5 	1 1 19384.15 1980.0 8009.75 15 1335 69956.16 0.0 192.0 7151.39 0.0 388.2 81814.35 976 296 65 13 0 0 1350 0 0 4126.6 1350
2015,10,12,2,5 	1 1 16066.3666667 1346.0 7589.62 18 985 66702.81 0.0 128.5 8332.33 0.0 294.9 78943.96 786 176 32 9 0 0 1003 0 0 3485.42 1003
2015,1,1,2,5 	1 1 26281.0333333 3048.0 9248.01 23 1847 95022.53 0.0 235.0 8420.71 0.0 278.1 109259.13 1311 443 88 28 0 0 1870 0 0 5038.49 1870
2015,8,26,2,5 	1 1 22832.6833333 1428.0 7735.96 20 1027 63227.31 0.5 136.0 8152.72 0.0 301.8 75807.02 789 204 49 5 0 0 1047 0 0 3988.69 1047
2015,10,16,2,5 	1 1 24395.25 1719.0 8644.22 31 1306 77160.98 0.0 186.5 9430.05 0.0 385.8 91369.85 1038 209 76 14 0 0 1337 0 0 4206.52 1337
2015,6,8,2,5 	1 1 22241.55 1485.0 8393.04 14 1113 72708.81 1.5 157.0 8663.54 0.0 326.7 85703.83 865 205 48 9 0 0 1127 0 0 3846.28 1127
2015,11,24,2,5 	1 1 17819.4833333 1285.0 5285.42 21 946 52610.44 1.0 118.5 6724.85 0.0 281.4 63086.21 727 179 46 15 0 0 967 0 0 3350.02 967
2015,11,20,2,5 	1 1 24178.7 1731.0 8307.11 27 1353 78427.2 2.0 185.5 10225.53 0.0 397.5 93245.16 1045 251 65 19 0 0 1380 0 0 4007.43 1380
2015,11,28,2,5 	1 1 19851.0 1409.0 5898.48 13 908 52324.65 0.5 133.5 5020.97 0.0 269.7 60344.91 673 179 55 14 0 0 921 0 0 2595.59 921
2015,6,24,2,5 	1 1 26326.3166667 1668.0 9088.08 15 1232 75603.04 0.0 169.5 9508.37 0.0 362.7 89700.58 985 186 64 12 0 0 1247 0 0 4075.06 1247
2015,2,17,2,5 	1 1 16191.95 1477.0 6997.37 13 1174 67661.1 0.0 146.5 8127.33 0.0 340.8 80554.98 938 178 57 14 0 0 1187 0 0 4281.05 1187
2015,2,13,2,5 	1 1 24526.85 1947.0 8582.92 33 1513 84695.24 1.5 190.5 10071.37 0.0 447.0 100347.06 1200 266 59 21 0 0 1546 0 0 4945.05 1546
2015,5,9,2,5 	1 1 20462.0333333 1979.0 7807.12 18 1412 73812.67 0.0 190.0 7772.28 0.0 415.2 86421.84 1104 265 48 13 0 0 1430 0 0 4231.69 1430
2015,9,16,2,5 	1 1 29905.5666667 1538.0 8403.48 12 1201 72181.69 0.0 168.5 9181.11 0.0 349.5 86560.26 926 225 42 20 0 0 1213 0 0 4680.26 1213
2015,5,1,2,5 	1 1 28503.8666667 1839.0 8753.54 20 1385 80249.36 1.0 183.5 9147.82 0.0 398.4 95677.6 1071 247 66 21 0 0 1405 0 0 5697.52 1405
2015,5,5,2,5 	1 1 22753.2166667 1688.0 8221.73 21 1266 72928.73 0.0 157.5 9365.8 0.0 372.6 87899.38 1000 199 72 16 0 0 1287 0 0 5074.75 1287
2015,9,5,2,5 	1 1 13609.95 1663.0 5619.68 10 1080 58703.21 0.5 152.0 5274.52 0.0 313.2 67624.69 797 239 41 13 0 0 1090 0 0 3181.26 1090
2015,9,1,2,5 	1 1 16798.75 1397.0 6684.68 16 1030 62314.62 1.0 140.0 7162.93 0.0 300.3 73767.52 786 210 40 10 0 0 1046 0 0 3848.97 1046
2015,9,9,2,5 	1 1 23377.9333333 1538.0 8006.46 22 1157 66048.89 0.5 149.5 8350.5 0.0 342.9 79040.27 873 237 48 21 0 0 1179 0 0 4147.98 1179
2015,4,11,2,5 	1 1 23335.8666667 2065.0 8096.77 56 1411 73725.1 1.0 202.5 8037.11 0.0 424.5 86535.95 1122 262 66 17 0 0 1467 0 0 4149.34 1467
2015,4,15,2,5 	1 1 19176.3 1517.0 7621.59 30 1168 72289.27 0.0 149.5 8032.62 0.0 344.1 85172.28 944 196 47 11 0 0 1198 0 0 4359.39 1198
2015,4,19,2,5 	1 1 26292.3666667 2001.0 9177.72 14 1410 83779.93 0.5 183.5 9599.21 0.0 411.9 98199.84 1089 262 54 19 0 0 1424 0 0 4226.6 1424
2015,5,16,2,5 	1 1 28864.0166667 2294.0 9469.45 21 1586 88687.55 0.5 211.5 9559.69 0.0 469.8 104022.41 1220 308 60 19 0 0 1607 0 0 5093.37 1607
2015,12,29,2,5 	1 1 13568.7833333 1123.0 4844.09 11 720 44260.59 2.0 110.0 4059.04 0.0 211.5 51096.14 528 155 42 6 0 0 731 0 0 2453.01 731
2015,12,25,2,5 	1 1 9305.8 1041.0 3943.94 10 621 32725.02 0.0 104.5 3128.43 0.0 182.7 38236.13 428 160 38 5 0 0 631 0 0 2095.48 631
2015,12,21,2,5 	1 1 13011.3666667 1140.0 5125.0 16 833 47792.68 2.0 120.0 5501.71 0.0 249.3 56234.36 622 169 44 14 0 0 849 0 0 2568.67 849
2015,3,25,2,5 	1 1 19556.35 1580.0 7360.19 21 1257 74967.19 950.5 158.0 8402.94 0.0 369.6 89723.92 998 213 49 18 0 0 1278 0 0 4907.79 1278
2015,1,12,2,5 	1 1 19651.6666667 1397.0 7339.57 17 1091 69396.53 1.0 113.5 8165.89 0.0 316.2 81667.07 857 195 41 15 0 0 1108 0 0 3675.15 1108
2015,4,26,2,5 	1 1 27406.2833333 2066.0 10173.68 17 1445 84486.4 0.0 191.0 9660.67 0.0 423.0 99503.98 1119 263 70 10 0 0 1462 0 0 4742.91 1462
2015,1,16,2,5 	1 1 19528.1833333 1797.0 7885.4 29 1404 74093.85 101.5 178.0 8562.22 0.0 416.1 87209.96 1112 233 67 21 0 0 1433 0 0 3862.79 1433
2015,4,22,2,5 	1 1 20025.5166667 1581.0 8336.86 22 1266 75537.25 53.93 150.0 9335.84 0.0 369.0 89661.05 1004 217 49 18 0 0 1288 0 0 4215.33 1288
2015,9,23,2,5 	1 1 18394.35 1507.0 7669.54 25 1144 70223.6 1.0 141.0 7888.62 0.0 340.2 82363.88 814 254 87 14 0 0 1169 0 0 3769.46 1169
2015,3,29,2,5 	1 1 22521.3166667 1987.0 9393.92 28 1372 81718.04 0.0 181.0 9622.28 0.0 413.1 96220.56 1082 240 64 14 0 0 1400 0 0 4289.14 1400
2015,3,21,2,5 	1 1 21521.6666667 1952.0 8283.92 22 1392 77283.2 0.0 188.5 8083.84 0.0 411.6 89921.95 1103 231 62 18 0 0 1414 0 0 3959.01 1414
2015,4,2,2,5 	1 1 27994.5666667 1600.0 7358.74 25 1236 68016.15 2.0 155.0 9310.67 0.0 365.4 81878.85 977 215 56 13 0 0 1261 0 0 4030.23 1261
2015,7,29,2,5 	1 1 22681.1666667 1550.0 7468.46 21 1153 69215.79 0.5 157.5 8355.3 0.0 341.4 81832.92 913 199 52 10 0 0 1174 0 0 3762.43 1174
2015,4,6,2,5 	1 1 15907.2 1396.0 6820.92 17 1033 65306.86 990.0 133.5 6476.16 0.0 298.2 77450.78 813 184 45 8 0 0 1050 0 0 4249.66 1050
2015,7,21,2,5 	1 1 20731.3666667 1543.0 7883.67 18 1085 70598.85 53.5 148.0 8279.03 0.0 322.2 83556.38 846 214 32 11 0 0 1103 0 0 4154.8 1103
2015,7,25,2,5 	1 1 23590.95 1932.0 8725.68 20 1294 72656.56 0.0 181.0 7479.82 0.0 382.5 84163.82 963 263 67 21 0 0 1314 0 0 3463.94 1314
2015,3,18,2,5 	1 1 22191.1666667 1808.0 8735.83 16 1464 86014.56 51.36 188.0 10170.19 0.0 427.8 101419.54 1186 224 59 11 0 0 1480 0 0 4571.23 1480
2015,10,9,2,5 	1 1 37537.2166667 1809.0 8985.56 23 1364 79092.43 0.5 186.0 9654.81 0.0 399.0 93824.19 1033 268 75 11 0 0 1387 0 0 4491.45 1387
2015,7,3,2,5 	1 1 13610.0 1476.0 7004.28 15 1002 56609.8 0.0 134.0 6058.18 0.0 296.7 66201.56 766 184 55 12 0 0 1017 0 0 3102.88 1017
2015,8,6,2,5 	1 1 11136.3 782.0 3637.31 19 538 29750.47 0.0 65.0 3525.65 0.0 159.0 35139.78 398 119 34 6 0 0 557 0 0 1639.66 557
2015,10,5,2,5 	1 1 17876.4333333 1308.0 7677.93 9 1015 65682.48 1.0 145.0 7352.54 0.0 289.8 77226.67 757 203 53 11 0 0 1024 0 0 3756.65 1024
2015,7,7,2,5 	1 1 16690.0 1374.0 6693.32 27 958 56879.78 0.0 133.5 6753.19 0.0 287.4 67323.02 747 189 40 9 0 0 985 0 0 3269.15 985
2015,8,2,2,5 	1 1 17444.6 1862.0 8008.79 19 1263 73485.38 0.5 176.5 7545.53 0.0 371.4 85229.33 938 263 67 14 0 0 1282 0 0 3650.02 1282
2015,3,14,2,5 	1 1 16786.6333333 1948.0 7662.71 31 1407 71121.96 0.5 189.5 8106.02 0.0 420.3 83561.13 1096 255 68 19 0 0 1438 0 0 3728.85 1438
2015,5,30,2,5 	1 1 22325.15 1922.0 8931.65 23 1326 72449.89 0.0 174.0 7276.32 0.0 393.9 84178.47 1020 261 55 13 0 0 1349 0 0 3884.36 1349
2015,9,30,2,5 	1 1 21382.35 1635.0 8619.19 29 1238 77742.97 0.0 170.0 9475.8 0.0 372.0 92544.82 990 206 56 15 0 0 1267 0 0 4784.65 1267
2015,7,18,2,5 	1 1 20704.05 1859.0 7786.04 21 1243 67239.55 0.0 173.0 6987.12 0.0 366.6 78778.09 926 250 64 24 0 0 1264 0 0 4011.82 1264
2015,7,14,2,5 	1 1 18040.1333333 1436.0 8354.66 19 1053 65315.02 0.0 143.5 7298.97 0.0 313.2 76505.21 843 176 35 18 0 0 1072 0 0 3434.52 1072
2015,9,27,2,5 	1 1 25185.0166667 2188.0 9415.76 20 1513 89789.79 0.0 224.5 9086.14 0.0 446.1 104669.89 1104 322 87 20 0 0 1533 0 0 5123.36 1533
2015,7,10,2,5 	1 1 23291.8833333 1756.0 8238.55 17 1305 75450.3 0.5 172.5 8687.64 0.0 381.9 88844.93 1005 230 61 26 0 0 1322 0 0 4152.09 1322
2015,1,30,2,6 	1 0 295.766666667 5.0 10.1 0 5 21.0 1.0 2.5 2.0 0.0 1.5 28.0 1 3 1 0 0 0 5 0 0 0.0 5
2015,5,23,2,6 	1 0 6.33333333333 7.0 2.3 0 7 23.5 0.0 3.5 0.65 0.0 2.1 29.75 1 5 1 0 0 0 7 0 0 0.0 7
2015,11,8,2,6 	1 0 41.2166666666 4.0 13.1 0 4 10.0 0.0 2.0 0.0 0.0 1.2 13.2 0 3 1 0 0 0 4 0 0 0.0 4
2015,11,4,2,6 	1 1 40.75 4.0 19.8 0 4 54.5 0.0 1.0 13.0 0.0 0.6 76.86 2 1 1 0 0 0 4 0 0 7.76 4
2015,6,28,2,6 	1 1 2.3 5.0 6.9 0 5 13.5 0.0 2.5 0.0 0.0 1.5 17.5 0 3 2 0 0 0 5 0 0 0.0 5
2015,5,12,2,6 	1 0 0.616666666667 3.0 0.0 0 2 5.0 0.0 1.0 9.0 0.0 0.6 15.6 1 0 1 0 0 0 2 0 0 0.0 2
2015,3,7,2,6 	1 0 2.96666666666 6.0 6.7 0 6 131.86 19.01 3.0 0.0 0.0 1.8 155.67 0 4 1 1 0 0 6 0 0 0.0 6
2015,6,20,2,6 	1 0 1.16666666667 2.0 0.0 0 2 6.0 0.0 1.0 0.0 0.0 0.6 7.6 0 1 1 0 0 0 2 0 0 0.0 2
2015,3,3,2,6 	1 0 23.3333333334 4.0 0.2 0 4 12.0 0.5 2.0 0.0 0.0 1.2 15.7 0 2 2 0 0 0 4 0 0 0.0 4
2015,10,27,2,6 	1 0 9.3 6.0 2.7 0 6 20.0 0.0 3.0 7.0 0.0 1.8 31.8 1 4 1 0 0 0 6 0 0 0.0 6
2015,11,17,2,6 	1 0 111.016666667 5.0 13.7 0 5 665.35 1.0 2.5 0.0 0.0 1.5 670.35 0 2 2 1 0 0 5 0 0 0.0 5
2015,11,13,2,6 	1 0 7.11666666666 4.0 0.6 0 4 11.0 0.0 2.0 2.0 0.0 1.2 16.2 1 2 1 0 0 0 4 0 0 0.0 4
2015,12,10,2,6 	1 0 0.916666666666 8.0 0.0 0 5 12.5 0.0 2.5 0.0 0.0 1.5 16.5 0 4 1 0 0 0 5 0 0 0.0 5
2015,1,23,2,6 	1 0 45.0833333334 3.0 1.6 0 3 7.5 0.5 1.5 4.0 0.0 0.9 14.41 1 0 1 1 0 0 3 0 0 0.01 3
2015,2,24,2,6 	1 0 1.68333333333 4.0 0.0 0 4 13.0 0.0 2.0 5.0 0.0 1.2 21.2 1 2 1 0 0 0 4 0 0 0.0 4
2015,2,20,2,6 	1 0 3.03333333334 3.0 0.3 0 3 7.5 0.0 1.5 0.0 0.0 0.9 9.9 0 1 2 0 0 0 3 0 0 0.0 3
2015,2,28,2,6 	1 0 0.183333333333 2.0 0.0 0 2 5.0 0.0 1.0 2.3 0.0 0.6 8.9 1 1 0 0 0 0 2 0 0 0.0 2
2015,9,23,2,6 	1 0 0.850000000001 7.0 0.0 0 7 17.5 0.0 3.5 0.0 0.0 2.1 23.1 0 2 4 1 0 0 7 0 0 0.0 7
2015,6,4,2,6 	1 0 20.4166666667 10.0 0.8 1 8 25.5 0.0 4.5 0.0 0.0 2.7 32.7 0 4 4 1 0 0 9 0 0 0.0 9
2015,2,8,2,6 	1 0 0.783333333334 7.0 2.0 0 5 12.5 0.0 2.5 109.0 0.0 1.5 125.5 1 2 1 1 0 0 5 0 0 0.0 5
2015,2,4,2,6 	1 0 3.0 4.0 0.0 0 4 12.0 0.0 2.0 0.0 0.0 1.2 15.2 0 2 1 1 0 0 4 0 0 0.0 4
2015,5,27,2,6 	1 1 0.800000000001 7.0 1.1 0 7 12.5 0.0 2.5 0.0 0.0 1.5 16.5 0 4 2 1 0 0 7 0 0 0.0 7
2015,12,3,2,6 	0 1 1.8 2.0 0.0 0 2 0.0 0.0 0.0 0.0 0.0 0.0 0.0 0 1 1 0 0 0 2 0 0 0.0 2
2015,12,14,2,6 	1 0 0.3 2.0 0.0 0 1 2.5 0.0 0.5 0.0 0.0 0.3 3.3 0 1 0 0 0 0 1 0 0 0.0 1
2015,10,23,2,6 	1 0 0.433333333333 4.0 0.1 0 4 11.0 0.0 2.0 0.0 0.0 1.2 14.2 0 3 1 0 0 0 4 0 0 0.0 4
2015,12,18,2,6 	1 1 72.35 5.0 21.78 0 5 63.0 0.0 2.5 29.67 0.0 1.5 102.21 2 2 1 0 0 0 5 0 0 5.54 5
2015,10,5,2,6 	1 0 5.68333333333 2.0 0.9 0 2 5.0 0.0 1.0 2.65 0.0 0.6 9.25 2 0 0 0 0 0 2 0 0 0.0 2
2015,10,30,2,6 	1 0 83.3166666666 3.0 10.9 0 3 23.5 0.5 1.5 0.0 0.0 0.9 26.4 0 2 1 0 0 0 3 0 0 0.0 3
2015,10,1,2,6 	1 0 141.4 13.0 109.2 0 11 100.3 0.5 5.5 13.0 0.0 3.3 122.6 2 4 4 1 0 0 11 0 0 0.0 11
2015,9,12,2,6 	1 0 0.533333333334 2.0 0.0 0 2 5.0 0.0 1.0 0.0 0.0 0.6 6.6 0 0 2 0 0 0 2 0 0 0.0 2
2015,6,13,2,6 	1 0 0.866666666666 2.0 0.7 0 2 5.0 0.0 1.0 0.0 0.0 0.6 6.6 0 1 1 0 0 0 2 0 0 0.0 2
2015,1,9,2,6 	1 1 43.75 6.0 1.89 0 5 23.0 1.0 2.5 28.8 0.0 1.5 56.8 2 1 1 1 0 0 5 0 0 0.0 5
2015,6,17,2,6 	1 0 51.5666666667 8.0 8.7 0 8 49.5 0.0 4.0 5.56 0.0 2.4 61.46 1 1 6 0 0 0 8 0 0 0.0 8
2015,1,5,2,6 	1 0 1.03333333333 6.0 0.1 0 6 18.0 0.0 3.0 0.0 0.0 1.8 22.8 0 3 3 0 0 0 6 0 0 0.0 6
2015,8,22,2,6 	1 1 147.35 6.0 4.82 0 6 10.0 0.5 2.0 0.0 0.0 1.2 13.7 0 3 3 0 0 0 6 0 0 0.0 6
2015,10,12,2,6 	1 0 0.35 3.0 0.0 0 3 11.5 0.0 1.5 0.0 0.0 0.9 13.9 0 1 2 0 0 0 3 0 0 0.0 3
2015,1,1,2,6 	1 0 25.65 5.0 3.1 0 4 24.7 0.5 2.0 3.1 0.0 0.0 31.5 1 3 0 0 0 0 4 0 0 0.0 4
2015,8,26,2,6 	1 0 2426.01666667 6.0 16.4 0 6 114.12 38.02 3.0 0.65 0.0 1.8 163.13 1 3 2 0 0 0 6 0 0 5.54 6
2015,10,16,2,6 	1 0 34.95 6.0 1.5 0 5 21.0 0.0 2.5 45.0 0.0 1.5 70.0 1 4 0 0 0 0 5 0 0 0.0 5
2015,6,8,2,6 	1 0 7.65 3.0 0.6 0 3 7.5 0.0 1.5 23.0 0.0 0.9 32.9 2 0 1 0 0 0 3 0 0 0.0 3
2015,11,24,2,6 	1 0 0.316666666666 2.0 3.3 0 2 5.0 0.0 1.0 0.0 0.0 0.6 6.6 0 2 0 0 0 0 2 0 0 0.0 2
2015,11,20,2,6 	1 0 9.9 15.0 16.4 0 12 33.0 0.0 6.0 1.5 0.0 3.6 44.1 1 4 4 3 0 0 12 0 0 0.0 12
2015,11,28,2,6 	1 0 1.93333333333 6.0 0.1 0 6 164.69 0.0 3.0 0.0 0.0 1.8 169.49 0 1 5 0 0 0 6 0 0 0.0 6
2015,6,24,2,6 	1 0 3.05 3.0 5.7 1 2 7.5 0.0 1.5 0.0 0.0 0.9 9.9 0 2 1 0 0 0 3 0 0 0.0 3
2015,2,17,2,6 	1 0 0.1 1.0 0.0 0 1 2.5 0.0 0.5 0.0 0.0 0.3 3.3 0 0 1 0 0 0 1 0 0 0.0 1
2015,2,13,2,6 	1 0 11.4333333333 8.0 3.6 0 8 20.0 0.0 4.0 1.0 0.0 2.4 27.4 1 7 0 0 0 0 8 0 0 0.0 8
2015,5,9,2,6 	1 0 12.3833333334 5.0 1.3 0 5 2515.16 0.0 2.5 7.0 0.0 1.5 2526.16 1 2 2 0 0 0 5 0 0 0.0 5
2015,9,16,2,6 	1 0 55.0333333333 4.0 16.4 0 4 10.0 0.0 2.0 0.0 0.0 1.2 30.62 0 1 2 1 0 0 4 0 0 17.42 4
2015,5,1,2,6 	1 0 37.2333333333 6.0 16.9 0 4 11.0 0.0 2.0 0.0 0.0 1.2 19.74 0 1 2 1 0 0 4 0 0 5.54 4
2015,5,5,2,6 	1 1 52.85 7.0 11.5 0 7 62.13 0.0 3.0 14.45 0.0 2.1 87.01 3 2 1 1 0 0 7 0 0 5.33 7
2015,9,5,2,6 	1 1 14.8666666667 3.0 2.33 1 2 7.5 0.0 1.5 0.0 0.0 0.9 9.9 0 1 2 0 0 0 3 0 0 0.0 3
2015,9,1,2,6 	1 0 0.533333333333 5.0 0.0 0 4 10.0 0.0 2.0 0.0 0.0 1.2 13.2 0 0 4 0 0 0 4 0 0 0.0 4
2015,9,9,2,6 	0 1 1.93333333333 1.0 0.4 0 1 2.5 0.0 0.5 0.0 0.0 0.3 3.3 0 1 0 0 0 0 1 0 0 0.0 1
2015,4,11,2,6 	1 0 0.116666666667 1.0 0.0 0 1 2.5 0.0 0.5 0.0 0.0 0.3 3.3 0 0 1 0 0 0 1 0 0 0.0 1
2015,4,15,2,6 	1 0 0.216666666667 1.0 0.0 0 1 2.5 0.0 0.5 0.0 0.0 0.3 3.3 0 1 0 0 0 0 1 0 0 0.0 1
2015,4,19,2,6 	1 0 47.1 8.0 6.1 0 6 29.5 0.0 3.0 36.7 0.0 1.8 71.0 1 3 2 0 0 0 6 0 0 0.0 6
2015,5,16,2,6 	1 0 18.6833333333 12.0 37.5 1 12 37.5 0.0 6.5 0.0 0.0 3.9 47.9 0 7 5 1 0 0 13 0 0 0.0 13
2015,12,29,2,6 	1 0 0.5 3.0 0.0 0 3 9.5 0.0 1.5 0.0 0.0 0.9 11.9 0 1 1 1 0 0 3 0 0 0.0 3
2015,12,25,2,6 	1 0 1.08333333333 4.0 1.0 0 4 13.0 0.0 2.0 0.0 0.0 1.2 16.2 0 1 1 2 0 0 4 0 0 0.0 4
2015,12,21,2,6 	1 0 12.5333333333 5.0 21.5 0 5 11.01 0.0 2.5 1.5 0.0 1.5 16.51 1 0 4 0 0 0 5 0 0 0.0 5
2015,3,25,2,6 	1 0 26.0166666666 3.0 3.4 0 3 21.5 0.0 1.0 4.01 0.0 0.9 27.41 2 1 0 0 0 0 3 0 0 0.0 3
2015,3,21,2,6 	1 0 10.0666666667 6.0 7.7 0 6 17.0 0.0 3.0 0.0 0.0 1.8 21.8 0 5 1 0 0 0 6 0 0 0.0 6
2015,4,26,2,6 	1 1 54.7666666667 5.0 6.27 0 5 46.0 0.0 2.5 6.76 0.0 1.5 62.3 1 1 3 0 0 0 5 0 0 5.54 5
2015,1,16,2,6 	1 0 0.700000000001 4.0 3.0 0 4 10.0 0.0 2.0 0.0 0.0 1.2 13.2 0 2 1 1 0 0 4 0 0 0.0 4
2015,4,22,2,6 	1 0 5.36666666667 5.0 1.1 0 5 13.5 0.0 2.5 0.0 0.0 1.5 17.5 0 2 3 0 0 0 5 0 0 0.0 5
2015,1,12,2,6 	1 0 144.533333333 8.0 11.1 0 5 19.5 2.0 2.5 0.86 0.0 1.5 77.01 1 1 3 0 0 0 5 0 0 50.65 5
2015,3,29,2,6 	1 0 0.15 2.0 1.5 0 2 10.0 0.0 1.0 0.0 0.0 0.6 11.6 0 1 0 1 0 0 2 0 0 0.0 2
2015,4,2,2,6 	1 0 0.15 1.0 0.0 0 1 2.5 0.0 0.5 0.0 0.0 0.3 3.3 0 1 0 0 0 0 1 0 0 0.0 1
2015,7,29,2,6 	1 0 28.2333333333 7.0 17.6 0 6 18.0 0.0 3.0 50.0 0.0 1.8 78.34 1 2 3 0 0 0 6 0 0 5.54 6
2015,4,6,2,6 	1 0 10.0666666667 7.0 1.3 0 7 21.5 0.0 3.5 0.0 0.0 2.1 27.1 0 4 3 0 0 0 7 0 0 0.0 7
2015,7,21,2,6 	1 0 0.266666666667 2.0 0.0 0 2 5.0 0.0 1.0 0.0 0.0 0.6 6.6 0 1 1 0 0 0 2 0 0 0.0 2
2015,7,25,2,6 	1 0 10.5666666667 3.0 1.2 0 3 12.8 0.0 1.0 0.0 0.0 0.9 14.7 0 3 0 0 0 0 3 0 0 0.0 3
2015,3,18,2,6 	1 0 1.18333333333 5.0 0.0 0 5 15.5 0.0 2.5 0.0 0.0 1.5 19.5 0 1 3 1 0 0 5 0 0 0.0 5
2015,10,9,2,6 	1 1 44.8666666667 7.0 7.7 0 7 20.5 0.5 3.5 0.0 0.0 2.1 26.6 0 5 2 0 0 0 7 0 0 0.0 7
2015,7,3,2,6 	1 0 5.21666666667 1.0 1.2 0 1 3.5 0.0 0.5 0.0 0.0 0.3 4.3 0 0 1 0 0 0 1 0 0 0.0 1
2015,8,6,2,6 	1 0 0.616666666667 5.0 1.5 0 5 12.5 0.0 2.5 0.0 0.0 1.5 16.5 0 1 3 1 0 0 5 0 0 0.0 5
2015,3,10,2,6 	1 0 61.6666666666 9.0 14.5 0 7 75.96 0.0 3.0 0.0 0.0 2.1 81.06 1 2 3 1 0 0 7 0 0 0.0 7
2015,7,7,2,6 	1 0 0.0833333333333 1.0 0.0 0 1 2.5 0.0 0.5 0.0 0.0 0.3 3.3 0 0 1 0 0 0 1 0 0 0.0 1
2015,8,2,2,6 	1 1 4.23333333334 4.0 1.9 0 4 13.0 0.0 2.0 1.0 0.0 1.2 17.2 1 3 0 0 0 0 4 0 0 0.0 4
2015,3,14,2,6 	1 0 0.633333333333 4.0 0.1 1 3 13.0 0.0 2.0 0.0 0.0 1.2 16.2 0 4 0 0 0 0 4 0 0 0.0 4
2015,5,30,2,6 	1 0 23.0833333333 9.0 15.5 0 8 24.0 0.0 4.0 70.0 0.0 2.4 100.4 1 4 3 0 0 0 8 0 0 0.0 8
2015,9,30,2,6 	1 0 84.1 4.0 16.8 0 4 10.0 0.0 2.0 0.0 0.0 1.2 13.2 0 2 2 0 0 0 4 0 0 0.0 4
2015,7,18,2,6 	1 1 0.55 3.0 0.1 0 3 7.5 0.0 1.5 0.0 0.0 0.9 9.9 0 2 0 1 0 0 3 0 0 0.0 3
2015,7,14,2,6 	1 0 84.4333333333 12.0 20.8 0 12 40.3 0.0 5.0 2.52 0.0 3.3 62.87 1 6 5 0 0 0 12 0 0 11.75 12
2015,9,27,2,6 	1 1 49.35 8.0 10.8 0 8 30.5 0.0 3.5 0.05 0.0 2.1 36.15 1 4 3 0 0 0 8 0 0 0.0 8
2015,7,10,2,6 	1 0 4.51666666667 4.0 1.4 0 4 13.0 0.0 2.0 0.0 0.0 1.2 16.2 0 4 0 0 0 0 4 0 0 0.0 4
