2015,1,31,2,1	1,1,6536591.91667,884684.0,5879188.08,5567,506420,5496050.95,105304.0,255781.5,707768.54,0.0,153546.0,6762247.15996,320489,189469,1553,476,0,0,511987,0,0,43799.55,511987
2015,5,20,2,1	1,1,6689265.8,711634.0,1216209.22,4367,424622,5342697.95,158535.3,214339.5,731090.46,0.0,128607.900001,6670748.01997,275604,151617,1303,465,0,0,428989,0,0,95397.63,428989
2015,5,24,2,1	1,1,4197962.11667,580839.0,4138392.59,2553,324699,3749522.0,70025.42,163531.7,412272.18,0.0,98106.0000006,4541534.72998,175582,149976,1284,410,0,0,327252,0,0,48047.26,327252
2015,11,9,2,1	1,1,5124548.55,557502.0,17394856.37,2617,338684,4085282.8,128543.55,170535.32,577313.97,0.0,102319.200001,5152155.00998,221646,118175,1129,351,0,0,341301,0,0,88162.57,341301
2015,5,28,2,1	1,1,6616674.68333,695686.0,1133661.45,2994,418331,5254011.66,154943.82,210528.0,717590.23,0.0,126332.700001,6555428.83997,270751,148960,1186,428,0,0,421325,0,0,91933.18,421325
2015,11,5,2,1	1,1,6503372.08333,641207.0,1025075.7,3073,387769,4909489.94,145009.75,195250.55,695544.35,0.0,117153.100001,6155786.79998,258927,130253,1272,390,0,0,390842,0,0,93340.71,390842
2015,11,1,2,1	1,1,9723546.31667,661022.0,1128965.32,2780,374971,4657868.91,87830.5,188707.5,590249.21,0.0,113240.100001,5720979.65998,232375,143262,1565,549,0,0,377751,0,0,83084.24,377751
2015,6,29,2,1	1,1,4867443.23333,580759.0,943139.93,2763,346499,4162147.11,129436.3,174509.0,545344.81,0.0,104709.900001,5194066.88998,212979,134839,1096,348,0,0,349262,0,0,77863.58,349262
2015,3,8,2,1	1,1,5713865.61667,688222.0,4439355.34,2832,397321,4730102.33,81653.03,199924.62,590393.92,0.0,120032.400001,5794512.05997,244029,154407,1272,445,0,0,400153,0,0,72460.62,400153
2015,6,21,2,1	1,1,4668017.31667,617278.0,1324687.98,5264,349222,4162142.93,74823.82,177127.8,510161.64,0.0,106257.600001,5099964.54998,209088,143681,1283,434,0,0,354486,0,0,69311.48,354486
2015,3,4,2,1	1,1,8048742.0,697046.0,21308674.92,3073,423279,4975199.12,155325.7,213101.16,707536.93,0.0,127882.800001,6260253.15997,281218,143686,1081,367,0,0,426352,0,0,81172.09,426352
2015,6,25,2,1	1,1,6432287.35,678381.0,1084877.51,3136,405524,5107940.76,151598.1,204173.0,696264.27,0.0,122506.800001,6372060.26997,261837,145091,1261,471,0,0,408660,0,0,89506.95,408660
2015,6,9,2,1	1,1,5958203.43333,658978.0,21440863.01,3496,395785,4828970.0,144858.5,199502.5,661955.85,0.0,119695.200001,6038969.22997,255385,142355,1113,428,0,0,399281,0,0,83878.86,399281
2015,11,18,2,1	1,1,6218857.31667,617690.0,988632.52,2812,378597,4720868.32,140960.25,190544.25,690331.44,0.0,114321.300001,5942838.91998,258542,121371,1116,380,0,0,381409,0,0,85814.96,381409
2015,11,14,2,1	1,1,6940741.45,756729.0,1105839.93,2624,434871,5082940.7,91172.2,218567.62,648628.66,0.0,131137.800001,6224384.43997,273961,161450,1551,533,0,0,437495,0,0,51937.76,437495
2015,11,10,2,1	1,1,6221085.23333,599326.0,4319719.53,2534,366131,4536309.75,134244.0,184200.4,648148.22,0.0,110509.200001,5692602.14998,246143,121032,1120,370,0,0,368665,0,0,79191.38,368665
2015,1,28,2,1	1,1,4976583.28333,608194.0,913287.8,3057,368784,4165486.0,141826.58,185795.5,575465.13,0.0,111516.300001,5241687.25998,241637,128867,1061,276,0,0,371841,0,0,61619.53,371841
2015,1,24,2,1	1,1,5496679.06667,785407.0,4404697.03,3072,449489,4699156.8,94597.09,226078.5,602061.06,0.0,135718.200001,5794343.47997,278789,172177,1192,403,0,0,452561,0,0,36739.64,452561
2015,1,20,2,1	1,1,5087746.6,645721.0,984804.17,2988,393330,4401020.53,146913.35,197972.5,603881.47,0.0,118807.500001,5538643.32998,253659,141313,1010,336,0,0,396318,0,0,70088.24,396318
2015,2,25,2,1	1,1,6172158.81667,712398.0,1100119.43,3553,431008,5068016.1,159184.0,217140.5,720321.79,0.0,130345.200001,6375851.37997,286744,146264,1179,373,1,0,434561,0,0,80845.74,434561
2015,2,21,2,1	1,1,6345793.06667,774115.0,1094465.08,3045,444207,5001026.1,92716.9,223450.5,634208.07,0.0,134159.400001,6128964.40997,275653,169726,1409,463,1,0,447252,0,0,40129.79,447252
2015,2,9,2,1	1,1,4509018.96667,605341.0,21675354.35,2350,370287,3952699.31,141113.0,186208.5,552446.86,0.0,111780.300001,5001489.85998,241381,129987,971,298,0,0,372637,0,0,57240.12,372637
2015,2,5,2,1	1,1,6402206.25,736529.0,-31114334.88,3883,446284,5189740.22,169711.4,224935.0,737074.41,0.0,135001.200001,6605412.33997,297238,151311,1246,372,0,0,450167,0,0,78999.5,450167
2015,6,5,2,1	1,1,6814276.68333,737789.0,25921217.05,3325,436092,5389826.36,166046.0,219566.5,710524.98,0.0,131729.400001,6708538.55997,277236,160344,1369,468,0,0,439417,0,0,90742.13,439417
2015,2,1,2,1	1,1,4962891.88333,711767.0,21979099.41,5723,408007,4523542.0,86079.38,206671.5,594558.22,0.0,124059.600001,5589083.37997,264923,147242,1143,422,0,0,413730,0,0,54216.8,413730
2015,12,8,2,1	1,1,6289228.01667,607610.0,962377.54,2192,370269,4651412.71,136465.5,186063.07,678295.16,0.0,111643.800001,5850292.84998,248644,122197,1215,405,0,0,372461,0,0,86419.75,372461
2015,12,4,2,1	1,1,6980404.46667,693637.0,1098156.46,2645,416430,5164373.3,162042.1,209356.5,717218.24,0.0,125627.100001,6475555.91997,272367,144800,1428,479,1,0,419075,0,0,96940.28,419075
2015,8,16,2,1	1,1,3288017.6,450769.0,743429.11,1796,256992,3022897.7,34809.42,129353.85,361451.82,0.0,77568.6000004,3687784.75999,147167,110401,880,340,0,0,258788,0,0,61643.84,258788
2015,10,24,2,1	1,1,6686290.3,739911.0,4095498.1,2289,423255,5192861.97,88891.25,212537.5,616339.44,0.0,127552.800001,6288489.31997,260305,163245,1487,507,0,0,425544,0,0,50308.76,425544
2015,12,15,2,1	1,1,6058552.28333,631355.0,1043953.46,2720,384720,4656121.02,145324.8,193561.0,679138.76,0.0,116147.400001,5877777.26998,260219,125643,1150,428,0,0,387440,0,0,87485.89,387440
2015,10,20,2,1	1,1,5827047.7,602590.0,948556.86,3128,364225,4452655.46,137908.93,183524.79,619160.33,0.0,110114.490001,5582572.14998,238256,127600,1100,397,0,0,367353,0,0,79208.15,367353
2015,12,11,2,1	1,1,7332689.41667,692910.0,1108425.5,2762,413581,5339071.93,161750.1,207961.0,746068.83,0.0,124797.440001,6675142.21997,274802,139423,1557,561,0,0,416343,0,0,95492.92,416343
2015,6,1,2,1	1,1,5603388.6,638267.0,2522406.43,2643,385357,4657059.3,145260.0,193870.5,632262.99,0.0,116313.000001,5835107.23998,245345,141082,1148,425,0,0,388000,0,0,90256.82,388000
2015,10,28,2,1	1,1,6294286.03333,619174.0,942272.5,2545,374633,4642323.41,133612.6,188440.9,651110.39,0.0,113069.190001,5803253.43998,248925,126675,1187,391,0,0,377178,0,0,74706.75,377178
2015,12,19,2,1	1,1,6788555.13333,780112.0,1129770.43,2139,448169,5110783.0,94396.5,224932.5,657651.63,0.0,134979.600001,6279902.94997,281008,167031,1677,592,0,0,450308,0,0,57159.72,450308
2015,9,20,2,1	1,1,5173961.81667,659167.0,1110935.75,20355,360067,4517873.5,76345.39,190125.05,553613.84,0.0,114033.900001,5528353.28998,226112,151636,1939,735,0,0,380422,0,0,76324.37,380422
2015,10,31,2,1	1,1,6612068.23333,753543.0,1176182.35,3053,429152,4973855.1,92675.0,215886.1,617147.6,0.0,129552.000001,6076564.34997,266632,163394,1608,571,0,0,432205,0,0,47449.35,432205
2015,9,17,2,1	1,1,6863162.13333,657434.0,1063614.77,3328,395563,5087101.83,146604.5,199267.0,705365.66,0.0,119571.470001,6350818.36997,260331,136747,1323,490,0,0,398891,0,0,92880.09,398891
2015,8,3,2,1	1,1,4580199.13333,566300.0,905275.02,2396,335519,3953513.55,126626.0,168821.0,517165.46,0.0,101295.600001,4946964.67998,205257,131194,1060,404,0,0,337915,0,0,79460.62,337915
2015,9,13,2,1	1,1,5291421.31667,640208.0,1047902.62,2848,367723,4363341.63,75364.5,185128.5,550642.62,0.0,111086.100001,5356455.38998,228453,140357,1273,488,0,0,370571,0,0,70825.0,370571
2015,6,10,2,1	1,1,6364113.36667,684532.0,7407638.16,2839,411030,5077655.12,154190.9,206858.9,701255.82,0.0,124079.400001,6351256.14997,266184,146025,1210,450,0,0,413869,0,0,87135.42,413869
2015,6,14,2,1	1,1,4968325.06667,643777.0,1066287.35,2672,366994,4381136.3,83914.0,184726.0,539673.25,0.0,110805.300001,5372929.34998,220104,147746,1361,455,0,0,369666,0,0,72584.42,369666
2015,6,18,2,1	1,1,6296862.0,689985.0,1105373.43,3138,414959,5107668.14,155113.9,208899.0,711016.47,0.0,125325.600001,6401112.22997,272437,143993,1202,465,0,0,418097,0,0,93003.7,418097
2015,1,6,2,1	1,1,4784316.8,617512.0,904418.78,3597,371873,4072880.7,141196.69,187569.0,523778.25,0.0,112188.600001,5093248.52998,229523,144629,994,324,0,0,375470,0,0,55676.8,375470
2015,8,27,2,1	1,1,5186391.61667,593243.0,958660.79,2058,355879,4417145.77,138587.9,178790.44,581822.01,0.0,107293.900001,5500368.15998,227724,128702,1074,437,0,0,357937,0,0,76661.03,357937
2015,10,17,2,1	1,1,6884397.05,777875.0,1132703.34,3579,445026,5152612.22,91695.68,224114.0,638716.64,0.0,134478.600001,6293042.68997,273349,173086,1615,555,0,0,448605,0,0,51426.35,448605
2015,11,25,2,1	1,1,5468244.98333,586093.0,199861961.09,2359,346128,4305303.89,125779.69,174064.76,522264.19,0.0,104446.200001,5297601.18998,212618,134131,1286,452,0,0,348487,0,0,65741.06,348487
2015,11,21,2,1	1,1,6487362.83333,741049.0,1079268.41,2484,426627,4867726.01,88925.1,214385.63,624106.04,0.0,128624.700001,5971876.91997,270314,156830,1471,496,0,0,429111,0,0,48110.24,429111
2015,11,29,2,1	1,1,4611361.6,550022.0,925497.06,1888,318761,3769851.04,60126.5,160167.5,479124.75,0.0,96114.0000006,4641548.04998,192808,126208,1230,403,0,0,320649,0,0,76172.2,320649
2015,2,18,2,1	1,1,5991364.91667,704757.0,1072170.03,3455,423688,4936197.37,158729.3,213429.0,676728.17,0.0,128125.800001,6189947.95997,273366,152216,1167,393,1,0,427143,0,0,76745.22,427143
2015,2,14,2,1	1,1,7003554.85,855641.0,1256721.15,3579,488917,5626875.25,103168.43,246073.5,690393.61,0.0,147727.5,6859508.89996,298525,191876,1570,525,0,0,492496,0,0,45299.51,492496
2015,2,10,2,1	1,1,5597810.38333,676336.0,1028931.54,4241,411663,4703922.76,156217.2,207799.0,670515.37,0.0,124744.800001,5936512.81997,275183,139287,1087,347,0,0,415904,0,0,73335.33,415904
2015,5,2,2,1	1,1,7466391.98333,862431.0,33226151.44,3258,494271,5674674.9,105114.8,248578.0,695062.4,0.0,149137.5,6928006.92996,299378,196013,1568,569,1,0,497529,0,0,55362.02,497529
2015,8,30,2,1	1,1,4133717.25,553798.0,935584.16,2142,319051,3774207.31,67415.5,160456.5,454986.56,0.0,96287.7000006,4619989.32998,187621,131870,1222,480,0,0,321193,0,0,66467.1,321193
2015,5,6,2,1	1,1,6419716.35,715157.0,9463630.89,3348,430665,5223982.7,158993.2,216901.5,727480.4,0.0,130119.000001,6548266.69997,281051,151351,1178,433,0,0,434013,0,0,90736.13,434013
2015,9,6,2,1	1,1,3983198.28333,516252.0,835803.83,2095,289993,3415794.7,60984.5,145913.5,367900.42,0.0,87561.6000005,4125556.56999,155506,134983,1144,455,0,0,292088,0,0,47342.57,292088
2015,9,2,2,1	1,1,5114368.58333,592459.0,930830.59,2455,356325,4207590.6,134040.5,179216.1,570465.28,0.0,107540.100001,5271220.44998,227814,129479,1074,413,0,0,358780,0,0,72303.86,358780
2015,4,12,2,1	1,1,5230931.75,682229.0,4787400.74,6868,388489,4680203.41,83987.3,197508.5,585158.49,0.0,118541.400001,6393441.93997,240381,153221,1310,445,0,0,395357,0,0,77767.96,395357
2015,4,16,2,1	1,1,6628808.31667,721728.0,26286062.36,3433,437181,5365536.45,166151.96,220180.51,745126.99,0.0,132122.700001,6724571.44997,285900,152974,1313,426,1,0,440614,0,0,95233.78,440614
2015,5,13,2,1	1,1,6715875.48333,705551.0,1133525.44,3571,423824,5348949.67,160032.3,213560.5,743217.42,0.0,128128.800001,6695716.77997,277322,148363,1244,466,0,0,427395,0,0,101737.66,427395
2015,5,17,2,1	1,1,5637666.36667,702498.0,1199810.95,2878,405626,4966980.86,81840.6,204086.0,621434.64,0.0,122457.000001,6092506.26997,245551,161034,1420,499,0,0,408504,0,0,95526.83,408504
2015,4,27,2,1	1,1,5090552.63333,624127.0,13635602.03,2634,379260,4420424.38,142612.21,190819.5,601052.14,0.0,114492.900001,5558209.37998,239809,140592,1095,396,2,0,381894,0,0,88703.25,381894
2015,12,26,2,1	1,1,3429546.11667,412633.0,611117.09,1088,229934,2637603.79,39270.7,115391.5,270690.37,0.0,69246.0000003,3171270.65999,112268,117545,876,333,0,0,231022,0,0,39069.1,231022
2015,10,6,2,1	1,1,5411292.88333,596603.0,3944811.8,3349,360698,4297715.5,138425.45,181820.75,599645.83,0.0,109112.100001,5401584.64998,235217,127356,1060,414,0,0,364047,0,0,74869.98,364047
2015,12,22,2,1	1,1,5285398.68333,574921.0,848691.85,2036,343512,3977170.84,125137.75,172620.38,522957.82,0.0,103588.800001,4959466.49998,214598,129343,1196,411,0,0,345548,0,0,57991.71,345548
2015,8,23,2,1	1,1,3957862.85,530823.0,914656.99,1838,302939,3623427.0,64686.0,152219.0,437049.55,0.0,91350.0000005,4434745.10998,177849,125450,1069,409,0,0,304777,0,0,65872.28,304777
2015,3,22,2,1	1,1,6419004.31667,715806.0,1684129.81,2814,413868,5338365.53,88525.11,208236.39,618158.9,0.0,124985.700001,6463774.20997,255147,159727,1360,448,0,0,416682,0,0,85498.53,416682
2015,10,13,2,1	1,1,5770536.81667,603574.0,976041.13,3278,365206,4467246.71,137085.4,184032.0,618262.11,0.0,110438.390001,5599313.65998,237247,129689,1133,415,0,0,368484,0,0,82261.73,368484
2015,3,26,2,1	1,1,6283711.7,684871.0,1561662.56,4262,412647,5060045.83,151850.77,208280.1,702632.81,0.0,125046.000001,6336126.02997,270947,144329,1251,382,0,0,416909,0,0,88275.58,416909
2015,1,17,2,1	1,1,11082765.8333,814745.0,1143106.86,3449,464726,4979162.15,97938.74,233899.5,602286.63,0.0,140227.800001,6097170.02997,279502,186788,1436,449,0,0,468175,0,0,43687.25,468175
2015,4,23,2,1	1,1,7013986.53333,746270.0,17129353.43,3582,448382,5547971.15,168913.64,225902.49,766070.57,0.0,135489.000001,6940288.64997,293530,156643,1316,475,0,0,451964,0,0,95857.7,451964
2015,1,13,2,1	1,1,5697940.76667,720285.0,1059716.97,3859,435696,4855953.2,160949.07,219656.0,670656.56,0.0,131557.200001,6112738.60997,282966,155160,1133,296,0,0,439555,0,0,74000.35,439555
2015,1,2,2,1	1,1,4238641.68333,587712.0,12853653.8,3060,332193,3645998.94,136701.55,167522.0,382903.87,0.0,52448.4000001,4481731.79998,170269,163685,985,314,0,0,335253,0,0,48751.14,335253
2015,9,28,2,1	1,1,5191258.4,513016.0,911136.48,2145,308562,4441156.79,118597.0,155181.5,549618.46,0.0,93125.7000005,5440083.46998,196298,112923,1086,400,0,0,310707,0,0,82404.82,310707
2015,9,24,2,1	1,1,4181531.38333,511794.0,861377.91,2234,312082,3636710.0,122661.0,156987.5,504083.52,0.0,94210.2000005,4590709.01999,199361,113381,1125,449,0,0,314316,0,0,76063.94,314316
2015,4,3,2,1	1,1,6115832.66667,739771.0,1119662.37,4370,429083,4960594.4,166568.0,216492.8,627905.37,0.0,129992.400001,6176609.86997,260754,170888,1353,458,0,0,433453,0,0,74846.36,433453
2015,4,7,2,1	1,1,5667569.61667,689351.0,11117190.08,3432,412874,4726316.3,159878.21,207963.8,632879.81,0.0,124849.800001,5926490.69997,260238,154539,1170,359,0,0,416306,0,0,74606.55,416306
2015,7,22,2,1	1,1,5875638.95,635366.0,1157525.97,2735,379228,4724851.34,139791.65,190819.75,642362.25,0.0,114488.400001,5892830.21997,243991,136456,1119,397,0,0,381963,0,0,80469.01,381963
2015,7,26,2,1	1,1,4503559.73333,591976.0,983120.21,2223,336251,3981609.3,70842.0,169115.0,484227.88,0.0,101467.500001,4879019.02998,198991,137964,1121,398,0,0,338474,0,0,71710.96,338474
2015,3,19,2,1	1,1,6348564.88333,723832.0,1286708.24,3692,436760,5219103.95,163480.5,220053.9,728938.83,0.0,132113.700001,6557729.24997,283787,155073,1182,410,0,0,440452,0,0,93885.4,440452
2015,7,8,2,1	1,1,5357696.8,640598.0,971796.69,2839,381080,4472926.61,142200.5,191811.0,606208.9,0.0,115086.600001,5599565.49998,244988,137386,1113,432,0,0,383919,0,0,71259.73,383919
2015,4,30,2,1	1,1,6675592.3,712351.0,26552315.7,3315,430714,5380429.05,163713.54,216859.0,746482.93,0.0,130113.300001,6734033.22997,281819,150540,1234,436,0,0,434029,0,0,96333.45,434029
2015,3,11,2,1	1,1,6177689.23333,685216.0,12622649.47,3467,415422,4992859.77,153283.17,209260.5,698461.74,0.0,125647.200001,6262820.40997,271871,145507,1145,366,0,0,418889,0,0,83290.52,418889
2015,10,2,2,1	1,1,6649093.0,668806.0,1012047.07,3945,398559,4866499.71,151610.5,201024.0,654231.2,0.0,120630.080001,6072708.54997,257003,143638,1376,487,0,0,402504,0,0,78709.6,402504
2015,3,15,2,1	1,1,6287094.73333,702098.0,9922535.78,4693,403537,4664132.5,83257.0,203976.5,590149.55,0.0,122457.900001,5737108.03997,249730,156754,1282,464,0,0,408230,0,0,73155.65,408230
2015,7,4,2,1	1,1,3032683.18333,444826.0,684030.41,1766,245838,2764556.0,55634.0,123716.5,290875.95,0.0,74228.4000003,3337436.47999,128104,118282,921,297,0,0,247604,0,0,28401.54,247604
2015,5,31,2,1	1,1,5599594.76667,612826.0,27311494.46,2271,353732,4525133.35,76748.0,177877.0,558648.49,0.0,106720.500001,5508019.96998,216886,137403,1288,426,0,0,356003,0,0,62842.6,356003
2015,7,19,2,1	1,1,4924157.35,671043.0,6499739.3,4163,379390,4442548.6,78066.0,191641.5,546977.95,0.0,114987.300001,5449342.07997,227848,153964,1294,447,0,0,383553,0,0,75072.75,383553
2015,7,15,2,1	1,1,5836980.2,654627.0,1024790.59,2868,391942,4785499.08,148270.51,197255.75,661954.96,0.0,118350.900001,5989717.76997,256348,136950,1128,384,0,0,394810,0,0,78308.99,394810
2015,7,11,2,1	1,1,5320716.8,703229.0,1047523.2,2841,395277,4505704.2,87320.5,198903.8,544229.71,0.0,119342.700001,5501417.03998,235600,160863,1234,421,0,0,398118,0,0,45844.98,398118
2015,1,31,2,2	1,1,208461.75,10663.0,104154.41,71,6090,319275.8,0.5,3070.5,40614.79,0.0,1846.8,390170.6,4069,2029,49,14,0,0,6161,0,0,25366.41,6161
2015,5,20,2,2	1,1,533235.116667,17176.0,170367.01,145,9683,509932.22,1.0,4902.0,67383.69,0.0,2943.6,627958.05,6454,3296,64,14,0,0,9828,0,0,42795.54,9828
2015,5,24,2,2	1,1,257207.783333,13716.0,128262.19,87,7404,388832.35,0.0,3740.0,42203.88,0.0,2244.3,468654.04,4357,3058,55,21,0,0,7491,0,0,31633.51,7491
2015,11,9,2,2	1,1,461503.1,16663.0,165091.58,235,9297,494735.32,1.5,4757.5,70307.37,0.0,2855.4,615212.73,6756,2694,66,16,0,0,9532,0,0,42557.24,9532
2015,5,28,2,2	1,1,463615.45,15649.0,150969.2,106,8608,451740.1,80.8,4344.0,55631.26,0.0,2605.8,552405.07,5395,3229,71,19,0,0,8714,0,0,38003.11,8714
2015,11,5,2,2	1,1,497971.316667,15738.0,684111.65,241,8866,472720.94,1.47,4543.85,64739.55,0.0,2727.6,585541.07,6119,2916,56,16,0,0,9107,0,0,40807.66,9107
2015,11,1,2,2	1,1,381635.783333,16634.0,161379.06,224,9141,484848.69,3.02,4661.0,64789.37,0.0,2802.6,597853.01,6354,2928,60,23,0,0,9365,0,0,40748.33,9365
2015,6,29,2,2	1,1,369617.833333,15444.0,148381.81,95,8491,445204.4,1.0,4281.5,58329.24,0.0,2568.6,547888.48,5683,2839,53,11,0,0,8586,0,0,37503.74,8586
2015,3,8,2,2	1,1,401937.783333,16597.0,160951.65,94,9295,486673.53,1.0,4678.5,67306.68,0.0,2815.5,600527.74,6643,2675,51,20,0,0,9389,0,0,39059.93,9389
2015,6,21,2,2	1,1,445763.316667,17126.0,167632.37,210,9265,491582.3,0.5,4727.5,63352.81,0.0,2835.9,597834.53,6244,3142,78,11,0,0,9475,0,0,35335.52,9475
2015,3,4,2,2	1,1,355187.3,12681.0,125208.09,73,7269,379890.07,1.0,3654.5,54638.48,0.0,2202.6,472019.98,5191,2093,48,10,0,0,7342,0,0,31641.13,7342
2015,6,25,2,2	1,1,491509.116667,15558.0,151221.45,112,8660,454907.79,1.0,4374.0,60138.65,0.0,2625.0,559719.15,5680,3017,53,22,0,0,8772,0,0,37673.51,8772
2015,6,9,2,2	1,1,397013.933333,14018.0,184319.38,110,7839,411933.11,1.5,3961.5,54001.57,0.0,2377.2,506537.42,5172,2685,70,22,0,0,7949,0,0,34262.54,7949
2015,11,18,2,2	1,1,368851.9,13059.0,132495.41,172,7526,399501.95,1.25,3842.0,56197.86,0.0,2306.1,496152.83,5335,2280,69,14,0,0,7698,0,0,34304.47,7698
2015,11,14,2,2	1,1,306507.283333,12780.0,126214.36,126,7228,381313.8,2.52,3668.5,49066.08,0.0,2200.8,468695.56,4804,2482,50,18,0,0,7354,0,0,32443.86,7354
2015,11,10,2,2	1,1,409971.566667,12517.0,127660.15,170,7248,384360.1,1.02,3696.0,53263.03,0.0,2219.1,476281.3,5081,2272,52,13,0,0,7418,0,0,32742.05,7418
2015,1,28,2,2	1,1,286776.183333,11388.0,115679.03,94,6626,348058.29,2.8,3348.0,48217.31,0.0,2013.0,429384.05,4670,1981,58,11,0,0,6720,0,0,27750.25,6720
2015,1,24,2,2	1,1,204644.9,10673.0,105846.01,60,6074,317901.4,0.5,3056.0,41336.99,0.0,1837.8,388480.58,4105,1984,29,16,0,0,6134,0,0,24352.09,6134
2015,1,20,2,2	1,1,320021.65,12822.0,129115.9,71,7423,388410.18,1.0,3733.5,55748.23,0.0,2241.6,482114.88,5449,1979,45,21,0,0,7494,0,0,31987.77,7494
2015,2,25,2,2	1,1,343688.466667,12725.0,127727.92,73,7379,386084.72,6.96,3716.5,55941.63,0.0,2234.1,479667.99,5297,2090,49,16,0,0,7452,0,0,31688.88,7452
2015,2,21,2,2	1,1,252252.8,11022.0,104158.7,65,6028,316116.11,0.5,3039.0,39429.31,0.0,1825.8,385820.78,3839,2188,55,11,0,0,6093,0,0,25413.06,6093
2015,2,9,2,2	1,1,250889.583333,11738.0,116072.17,60,6685,349364.76,1.0,3361.0,50034.29,0.0,2022.0,433996.32,4889,1801,44,11,0,0,6745,0,0,29219.27,6745
2015,2,5,2,2	1,1,330455.7,12706.0,124958.39,102,7178,377348.04,2.5,3630.0,54941.98,0.0,2182.2,468291.07,5198,2018,51,13,0,0,7280,0,0,30190.55,7280
2015,6,5,2,2	1,1,526305.466667,16597.0,161992.66,94,9283,485990.44,1.5,4673.0,64731.5,0.0,2804.7,598491.65,6182,3088,81,26,0,0,9377,0,0,40290.51,9377
2015,2,1,2,2	1,1,242556.583333,12633.0,123928.71,108,7243,381298.9,0.5,3665.0,53205.27,0.0,2202.9,469739.45,5224,2063,49,15,0,0,7351,0,0,29370.48,7351
2015,12,8,2,2	1,1,420570.85,13354.0,132674.57,179,7510,398268.98,0.06,3826.5,56326.87,0.0,2299.2,493996.92,5285,2328,53,23,0,0,7689,0,0,33275.31,7689
2015,12,4,2,2	1,1,472419.05,16238.0,159891.05,210,9045,479398.82,2.52,4609.0,64304.12,0.0,2767.5,591569.58,6093,3066,75,21,0,0,9255,0,0,40487.62,9255
2015,8,16,2,2	1,1,375842.9,15926.0,151066.41,109,8596,451687.8,2.96,4345.5,58207.31,0.0,2606.7,554181.79,5811,2824,50,20,0,0,8705,0,0,37331.52,8705
2015,10,24,2,2	1,1,369909.666667,15932.0,149191.81,88,8542,447916.3,0.52,4306.5,52432.79,0.0,2585.7,546502.96,5161,3388,66,15,0,0,8630,0,0,39261.15,8630
2015,12,15,2,2	1,1,384188.8,12898.0,126383.7,188,7170,381074.61,1.73,3664.0,52877.67,0.0,2200.8,472025.08,5077,2205,57,19,0,0,7358,0,0,32207.07,7358
2015,10,20,2,2	1,1,432061.05,15083.0,148966.83,92,8514,447004.5,2.26,4296.0,59888.56,0.0,2580.0,552550.11,5697,2839,55,15,0,0,8606,0,0,38779.59,8606
2015,12,11,2,2	1,1,471633.933333,14994.0,151701.52,208,8593,455818.79,1.02,4382.0,63391.98,0.0,2631.9,564682.55,6045,2679,54,23,0,0,8801,0,0,38457.66,8801
2015,6,1,2,2	1,1,509672.516667,18666.0,184645.52,88,10518,550291.61,42.4,5292.0,73841.63,0.0,3175.2,678000.95,7163,3348,74,21,0,0,10606,0,0,45358.11,10606
2015,10,28,2,2	1,1,423818.966667,13264.0,129837.9,171,7394,391991.3,1.0,3770.83,49911.73,0.0,2263.2,481214.3,4699,2773,75,18,0,0,7565,0,0,33284.18,7565
2015,12,19,2,2	1,1,377193.983333,14967.0,140445.24,148,7935,418652.74,0.32,4025.0,53075.51,0.0,2417.4,512729.36,5288,2716,66,13,0,0,8083,0,0,34558.39,8083
2015,9,20,2,2	1,1,418589.933333,17489.0,167409.73,420,9312,504694.1,2.23,4850.0,63943.07,0.0,2912.1,618026.82,6337,3284,87,24,0,0,9732,0,0,41625.32,9732
2015,10,31,2,2	1,1,287263.533333,13110.0,125702.69,128,7170,377702.1,0.52,3631.0,44080.18,0.0,2179.5,458697.54,4387,2832,56,23,0,0,7298,0,0,31105.04,7298
2015,9,17,2,2	1,1,535153.683333,16772.0,166771.41,120,9400,494114.99,15.01,4749.2,64751.18,0.0,2851.8,607066.0,6107,3325,64,24,0,0,9520,0,0,40584.92,9520
2015,8,3,2,2	1,1,412645.233333,16422.0,157963.44,112,8978,471803.0,0.0,4535.5,59720.51,0.0,2721.3,578915.58,5874,3134,57,25,0,0,9090,0,0,40135.27,9090
2015,9,13,2,2	1,1,418856.15,17426.0,170876.89,112,9846,516515.6,0.5,4968.5,66962.81,0.0,2981.7,633310.3,6660,3215,67,16,0,0,9958,0,0,41881.19,9958
2015,6,10,2,2	1,1,431220.116667,14840.0,144058.56,89,8281,433835.64,62.1,4173.0,56829.07,0.0,2504.4,533461.66,5465,2826,64,15,0,0,8370,0,0,36057.45,8370
2015,6,14,2,2	1,1,445611.033333,17512.0,172732.43,128,9797,514171.68,0.0,4944.0,67941.84,0.0,2966.7,631507.55,6673,3170,66,16,0,0,9925,0,0,41483.33,9925
2015,6,18,2,2	1,1,495740.066667,16113.0,155615.24,108,8909,467844.1,2.5,4502.0,61947.49,0.0,2700.6,575932.5,5864,3063,73,17,0,0,9017,0,0,38935.81,9017
2015,1,6,2,2	1,1,289034.183333,12472.0,123371.47,90,7056,370524.42,0.5,3563.0,47018.63,0.0,2131.5,455262.71,4718,2367,51,10,0,0,7146,0,0,32029.86,7146
2015,8,27,2,2	1,1,407149.466667,15156.0,144541.93,95,8249,433143.58,1.74,4165.0,51965.43,0.0,2499.0,528440.75,5113,3145,60,26,0,0,8344,0,0,36666.8,8344
2015,10,17,2,2	1,1,387135.466667,15687.0,148209.61,90,8485,444752.64,0.5,4276.5,54015.16,0.0,2568.6,543324.2,5314,3183,58,20,0,0,8575,0,0,37711.6,8575
2015,11,25,2,2	1,1,399569.716667,14508.0,140473.92,186,7913,418566.2,4.02,4027.0,51432.38,0.0,2418.0,511864.69,5116,2902,60,21,0,0,8099,0,0,35417.09,8099
2015,11,21,2,2	1,1,330781.683333,14461.0,138467.98,137,7899,416418.3,1.52,4006.0,52359.3,0.0,2403.6,509745.88,5161,2805,54,16,0,0,8036,0,0,34557.16,8036
2015,11,29,2,2	1,1,439530.55,19359.0,189218.28,236,10649,565054.07,0.52,5432.0,77709.29,0.0,3261.0,697394.98,7794,3009,71,11,0,0,10885,0,0,45938.9,10885
2015,2,18,2,2	1,1,313682.316667,13159.0,127020.8,78,7289,382272.85,1.0,3676.5,51510.64,0.0,2209.2,471427.01,4996,2305,56,10,0,0,7367,0,0,31760.02,7367
2015,2,14,2,2	1,1,265090.866667,11943.0,114820.82,51,6597,344104.41,3.0,3312.5,41322.19,0.0,1993.2,417937.58,4091,2505,42,10,0,0,6648,0,0,27208.48,6648
2015,2,10,2,2	1,1,299616.95,11667.0,1117750.43,105,6708,352522.76,4.0,3392.0,50825.06,0.0,2042.1,437595.09,4894,1856,53,10,0,0,6813,0,0,28815.17,6813
2015,5,2,2,2	1,1,320662.75,14421.0,135906.42,63,7880,411250.82,1.51,3955.5,47546.55,0.0,2375.1,499944.48,4721,3127,71,24,0,0,7943,0,0,34815.0,7943
2015,8,30,2,2	1,1,393825.466667,17016.0,159951.88,114,9133,480076.3,1.51,4615.5,58676.56,0.0,2770.2,585077.29,5970,3199,55,23,0,0,9247,0,0,38937.22,9247
2015,5,6,2,2	1,1,417999.216667,14857.0,147697.98,97,8470,444225.99,0.0,4271.0,60364.62,0.0,2562.0,549389.98,5735,2750,60,22,0,0,8567,0,0,37966.37,8567
2015,9,6,2,2	1,1,275934.266667,12966.0,121130.74,83,6977,365732.01,1.0,3518.5,39924.35,0.0,2111.4,441079.91,4133,2854,55,18,0,0,7060,0,0,29792.65,7060
2015,9,2,2,2	1,1,372483.083333,14194.0,134967.21,98,7723,405140.35,1.51,3897.5,48221.59,0.0,2338.5,493535.27,4703,3035,69,14,0,0,7821,0,0,33935.82,7821
2015,4,12,2,2	1,1,378379.316667,16739.0,161657.93,160,9194,484471.28,103.36,4660.0,63596.38,0.0,2801.4,595561.48,6296,2954,88,16,0,0,9354,0,0,39934.46,9354
2015,4,16,2,2	1,1,489810.433333,16109.0,208850.33,93,9121,477978.84,0.5,4598.0,63323.82,0.0,2759.7,589270.45,6071,3063,63,17,0,0,9214,0,0,40610.79,9214
2015,5,13,2,2	1,1,508776.483333,16697.0,165657.03,102,9469,496643.78,42.4,4773.0,64888.62,0.0,2865.6,611301.4,6251,3239,66,15,0,0,9571,0,0,42093.54,9571
2015,5,17,2,2	1,1,516295.35,20922.0,203296.33,137,11624,609709.35,1.0,5863.0,80442.22,0.0,3518.1,750183.8,7871,3787,86,17,0,0,11761,0,0,50650.13,11761
2015,4,27,2,2	1,1,437138.916667,16939.0,11969113.46,100,9624,503651.95,1.0,4845.0,68653.64,0.0,2906.7,623191.14,6654,3005,53,12,0,0,9724,0,0,43133.45,9724
2015,12,26,2,2	1,1,295639.6,12916.0,115589.04,105,6521,344338.3,0.52,3309.0,35838.51,0.0,1984.8,413452.92,3625,2943,48,10,0,0,6626,0,0,27981.79,6626
2015,10,6,2,2	1,1,385175.55,14955.0,146110.57,113,8371,439735.91,1.5,4226.0,57924.04,0.0,2538.0,541955.35,5515,2886,71,12,0,0,8484,0,0,37536.24,8484
2015,12,22,2,2	1,1,445692.333333,13530.0,129635.73,176,7339,389185.95,3.02,3743.5,48902.49,0.0,2248.2,476681.24,4760,2682,62,11,0,0,7515,0,0,32598.88,7515
2015,8,23,2,2	1,1,388867.65,16917.0,162778.47,93,9284,486810.02,0.0,4681.5,61076.74,0.0,2809.2,596735.01,6176,3123,66,12,0,0,9377,0,0,41357.55,9377
2015,3,22,2,2	1,1,403327.316667,17315.0,170020.73,94,9783,512486.11,0.0,4929.0,69566.93,0.0,2961.9,632547.36,6890,2918,53,16,0,0,9877,0,0,42608.52,9877
2015,10,13,2,2	1,1,446556.6,16021.0,157737.72,146,8959,472346.51,2.03,4543.82,62783.09,0.0,2726.4,583573.48,6150,2871,68,16,0,0,9105,0,0,41171.63,9105
2015,3,26,2,2	1,1,416913.133333,14648.0,141681.55,98,8157,427305.67,3.0,4113.5,55772.09,0.0,2476.2,526424.31,5354,2830,58,13,0,0,8255,0,0,36761.85,8255
2015,1,17,2,2	1,1,255584.6,11597.0,112680.5,79,6547,342763.43,0.5,3295.5,45180.25,0.0,1982.7,420168.09,4482,2072,55,17,0,0,6626,0,0,26953.51,6626
2015,4,23,2,2	1,1,494879.283333,16344.0,158852.38,98,9090,476323.74,0.0,4579.0,62177.6,0.0,2748.6,586234.9,5974,3138,55,21,0,0,9188,0,0,40405.96,9188
2015,1,13,2,2	1,1,303295.95,11821.0,119460.13,87,6894,361617.71,1.5,3479.0,51880.41,0.0,2085.0,448872.67,4926,2007,37,11,0,0,6981,0,0,29813.65,6981
2015,1,2,2,2	1,1,297442.666667,15581.0,141794.85,139,8022,422834.36,1.0,4067.5,46473.62,0.0,1319.7,509387.97,4740,3352,47,22,0,0,8161,0,0,33596.79,8161
2015,9,28,2,2	1,1,540007.216667,17967.0,183768.94,115,10279,539420.78,0.52,5184.0,73378.11,0.0,3113.1,665711.23,6999,3293,81,21,0,0,10394,0,0,44614.72,10394
2015,9,24,2,2	1,1,360502.85,15005.0,145963.77,90,8295,435311.6,1.03,4186.0,52762.76,0.0,2511.9,531319.12,5173,3141,58,13,0,0,8385,0,0,36545.83,8385
2015,4,3,2,2	1,1,379517.066667,15782.0,147746.93,112,8374,439988.04,2.5,4230.5,50297.25,0.0,2545.2,534650.15,4964,3454,55,13,0,0,8486,0,0,37592.66,8486
2015,4,7,2,2	1,1,340466.933333,14026.0,135140.38,86,7706,404128.77,0.0,3886.5,48454.48,0.0,2335.2,493916.31,4758,2953,63,18,0,0,7792,0,0,35114.36,7792
2015,7,22,2,2	1,1,413363.6,14510.0,139876.9,72,7957,416209.5,0.5,4003.5,52870.47,0.0,2401.2,510847.07,5062,2897,53,17,0,0,8029,0,0,35369.04,8029
2015,7,26,2,2	1,1,377066.2,16360.0,152895.45,97,8774,460067.0,1.0,4425.0,59171.19,0.0,2655.0,564436.49,5870,2924,57,20,0,0,8871,0,0,38117.3,8871
2015,3,19,2,2	1,1,466773.35,15714.0,157050.1,104,9019,472797.13,0.5,4544.0,62351.46,0.0,2735.4,580907.01,6011,3017,78,17,0,0,9123,0,0,38485.12,9123
2015,7,8,2,2	1,1,348775.85,13477.0,129855.82,86,7422,389298.04,0.0,3742.5,48509.02,0.0,2244.9,476785.75,4762,2680,52,14,0,0,7508,0,0,32991.29,7508
2015,4,30,2,2	1,1,519198.8,17152.0,167906.01,127,9555,501668.0,1.02,4824.0,63892.86,0.0,2894.4,615905.76,6132,3464,68,18,0,0,9682,0,0,42625.48,9682
2015,3,11,2,2	1,1,351937.75,12882.0,126721.26,96,7321,384468.19,0.0,3698.5,55046.48,0.0,2223.6,477167.66,5206,2140,58,13,0,0,7417,0,0,31737.09,7417
2015,10,2,2,2	1,1,529596.916667,16395.0,161448.72,129,9246,485760.64,4.03,4672.0,64305.78,0.0,2803.8,598044.23,6116,3175,63,21,0,0,9375,0,0,40497.98,9375
2015,3,15,2,2	1,1,315940.533333,14337.0,140563.29,128,8026,423219.11,1.23,4069.0,55878.71,0.0,2445.3,519159.02,5549,2542,47,16,0,0,8154,0,0,33549.47,8154
2015,7,4,2,2	1,1,171893.35,10207.0,93045.24,57,5323,279144.16,0.5,2684.5,29250.38,0.0,1610.4,335665.2,3042,2299,28,11,0,0,5380,0,0,22975.26,5380
2015,5,31,2,2	1,1,580543.816667,16799.0,172900.6,107,9493,498534.01,0.01,4795.0,66528.4,0.0,2876.4,606336.32,6332,3173,76,19,0,0,9600,0,0,33602.5,9600
2015,7,19,2,2	1,1,426994.133333,17289.0,166009.84,93,9482,496805.35,0.0,4777.0,64417.76,0.0,2866.2,609313.03,6335,3161,62,17,0,0,9575,0,0,40446.72,9575
2015,7,15,2,2	1,1,355637.416667,14210.0,136706.55,83,7873,412459.14,22.7,3966.5,53903.86,0.0,2380.2,507246.16,5196,2684,56,20,0,0,7956,0,0,34520.1,7956
2015,7,11,2,2	1,1,293673.183333,13036.0,121786.14,75,7000,366585.5,0.81,3525.0,42233.25,0.0,2114.1,445155.37,4215,2783,64,13,0,0,7075,0,0,30696.71,7075
2015,1,31,2,3	1,1,15030.5333333,815.0,7175.85,8,454,28260.0,42.0,1.0,4003.5,0.0,138.6,37698.25,308,135,13,6,0,0,462,0,0,5253.75,462
2015,5,20,2,3	1,1,34745.4166667,1580.0,14593.64,13,896,59187.8,194.5,0.0,9282.62,0.0,270.9,79983.11,642,230,31,6,0,0,909,0,0,11047.29,909
2015,5,24,2,3	1,1,22270.0833333,1147.0,10467.86,6,635,40489.5,36.0,0.5,4661.41,0.0,191.7,53945.6,363,256,19,3,0,0,641,0,0,8566.49,641
2015,11,9,2,3	1,1,26369.1666667,1311.0,12043.58,7,732,47439.6,171.5,1.5,6807.33,0.0,220.5,63568.79,492,216,26,5,0,0,739,0,0,8928.36,739
2015,5,28,2,3	1,1,23914.5333333,1069.0,10269.18,4,643,41532.43,159.5,0.0,6455.83,0.0,193.5,55801.51,460,158,22,7,0,0,647,0,0,7460.25,647
2015,11,5,2,3	1,1,34895.6333333,1364.0,12819.14,7,792,52425.5,191.5,0.0,9046.49,0.0,239.1,71569.02,604,167,21,7,0,0,799,0,0,9666.43,799
2015,11,1,2,3	1,1,31623.2666667,1707.0,15529.34,8,928,60543.5,48.73,0.5,8165.06,0.0,278.4,80813.62,615,291,22,8,0,0,936,0,0,11777.43,936
2015,6,29,2,3	1,1,26389.35,1196.0,10864.84,10,679,44498.5,182.23,0.0,5652.18,0.0,206.1,58562.06,409,247,27,6,0,0,689,0,0,8023.05,689
2015,3,8,2,3	1,1,25442.6333333,1320.0,12124.84,4,745,48105.0,45.5,0.5,6661.89,0.0,224.7,63894.86,498,221,28,2,0,0,749,0,0,8857.27,749
2015,6,21,2,3	1,1,26864.3,1393.0,12513.57,15,737,48081.14,55.5,1.0,6138.38,0.0,225.0,63745.13,465,257,26,4,0,0,752,0,0,9244.11,752
2015,3,4,2,3	1,1,23012.4666667,1086.0,9895.97,3,615,38937.0,151.0,0.0,6224.81,0.0,185.4,52649.72,449,142,23,4,0,0,618,0,0,7152.71,618
2015,6,25,2,3	1,1,31345.5166667,1220.0,11265.38,6,716,47557.5,190.5,0.0,7142.04,0.0,213.9,63398.96,498,190,27,7,0,0,722,0,0,8306.77,722
2015,6,9,2,3	1,1,22377.6666667,1055.0,9778.05,7,597,39356.26,146.0,0.0,5650.31,0.0,179.7,52562.73,395,190,15,4,0,0,604,0,0,7230.46,604
2015,11,18,2,3	1,1,32316.25,1364.0,13086.71,5,787,51929.5,187.5,0.5,8827.92,0.0,235.8,71053.01,610,158,20,4,0,0,792,0,0,9888.74,792
2015,11,14,2,3	1,1,25894.6333333,1085.0,9984.3,4,626,39356.0,53.5,0.5,5553.22,0.0,188.4,52698.76,418,180,23,9,0,0,630,0,0,7547.14,630
2015,11,10,2,3	1,1,29433.2333333,1202.0,11598.47,7,688,45994.0,143.0,0.0,7291.38,0.0,206.7,62219.38,498,174,18,4,1,0,695,0,0,8584.3,695
2015,1,28,2,3	1,1,11513.15,648.0,5825.72,5,393,23465.5,95.0,0.5,3298.38,0.0,119.4,31213.18,247,123,26,2,0,0,398,0,0,4235.6,398
2015,1,24,2,3	1,1,13896.8166667,779.0,6798.05,3,427,26292.8,39.0,0.5,3859.84,0.0,128.7,34982.73,269,142,17,2,0,0,430,0,0,4663.09,430
2015,1,20,2,3	1,1,15263.1,804.0,7100.56,3,464,28527.5,114.5,0.0,4632.21,0.0,139.8,38601.33,329,117,16,5,0,0,467,0,0,5170.05,467
2015,2,25,2,3	1,1,23185.65,1005.0,10128.37,8,627,40428.3,156.5,0.0,6638.52,0.0,190.5,54927.13,472,137,23,3,0,0,635,0,0,7497.9,635
2015,2,21,2,3	1,1,18493.1166667,895.0,8294.28,3,514,32866.5,48.0,0.0,4941.96,0.0,154.8,43896.68,346,155,12,4,0,0,517,0,0,5886.62,517
2015,2,9,2,3	1,1,12648.65,724.0,6770.71,4,430,26307.0,101.0,0.0,4282.08,0.0,130.2,35651.13,299,117,16,2,0,0,434,0,0,4832.05,434
2015,2,5,2,3	1,1,26346.2,1227.0,11173.58,4,713,45003.5,143.5,0.0,8113.43,0.0,215.1,61908.96,558,126,26,7,0,0,717,0,0,8437.03,717
2015,6,5,2,3	1,1,31568.6166667,1269.0,11777.58,10,738,48936.5,161.5,0.5,7618.41,0.0,223.2,65659.29,522,184,37,5,0,0,748,0,0,8719.18,748
2015,2,1,2,3	1,1,17962.4666667,1046.0,9359.25,9,584,36341.5,34.0,0.5,5021.09,0.0,177.6,48454.74,370,198,18,7,0,0,593,0,0,6882.45,593
2015,12,8,2,3	1,1,26259.5333333,1163.0,11167.25,3,696,44905.8,172.0,0.0,6594.5,0.0,209.4,61369.88,477,195,22,5,0,0,699,0,0,9488.18,699
2015,12,4,2,3	1,1,37075.9333333,1473.0,14597.51,4,893,59093.5,191.0,0.5,10082.3,0.0,268.5,80509.62,694,170,28,5,0,0,897,0,0,10873.82,897
2015,8,16,2,3	1,1,22655.6833333,1219.0,10868.21,6,648,42267.0,35.0,0.5,5469.38,0.0,192.6,55827.71,396,228,25,5,0,0,654,0,0,7863.23,654
2015,10,24,2,3	1,1,22254.65,1032.0,9777.77,8,600,38912.0,55.0,0.5,5568.72,0.0,180.6,52038.44,399,181,24,4,0,0,608,0,0,7321.92,608
2015,12,15,2,3	1,1,26276.7333333,1124.0,11020.4,5,679,44136.14,153.0,0.5,6954.65,0.0,205.2,60011.3,499,160,21,4,0,0,684,0,0,8561.81,684
2015,10,20,2,3	1,1,23089.0166667,1028.0,9291.4,9,583,37296.0,159.5,0.0,5464.7,0.0,175.5,49792.66,378,188,20,6,0,0,592,0,0,6696.96,592
2015,12,11,2,3	1,1,34448.1,1433.0,13856.59,7,858,55859.5,154.5,0.0,9687.27,0.0,258.3,77154.22,655,171,33,6,0,0,865,0,0,11194.65,865
2015,6,1,2,3	1,1,25884.9333333,1255.0,12070.31,3,705,46768.5,173.0,0.0,6550.42,0.0,211.2,62503.22,470,210,23,5,0,0,708,0,0,8786.1,708
2015,10,28,2,3	1,1,31071.9333333,1333.0,12601.81,6,762,50702.5,213.5,0.5,7627.41,0.0,229.2,68184.68,526,212,27,3,0,0,768,0,0,9411.57,768
2015,12,19,2,3	1,1,29941.15,1532.0,14976.2,4,909,58418.5,119.5,0.0,9335.96,0.0,273.6,79818.96,712,165,29,7,0,0,913,0,0,11671.4,913
2015,9,20,2,3	1,1,30900.75,1436.0,13620.81,77,761,53106.5,48.0,0.0,6309.05,0.0,250.2,69885.28,482,318,30,8,0,0,838,0,0,10154.9,838
2015,10,31,2,3	1,1,20940.9,937.0,9064.06,8,549,35154.5,43.5,0.0,4501.03,0.0,167.1,46630.71,353,172,22,10,0,0,557,0,0,6764.58,557
2015,9,17,2,3	1,1,36507.9,1575.0,14131.02,9,890,57920.8,212.5,0.0,9807.64,0.0,267.0,78706.63,645,214,33,7,0,0,899,0,0,10498.69,899
2015,8,3,2,3	1,1,21458.4166667,1130.0,9767.89,3,621,39145.01,171.0,0.0,5159.36,0.0,185.4,52049.0,360,231,30,3,0,0,624,0,0,7388.23,624
2015,9,13,2,3	1,1,32030.65,1608.0,14232.0,5,882,56159.5,49.5,0.0,7048.83,0.0,265.5,74305.17,542,312,31,2,0,0,887,0,0,10781.84,887
2015,6,10,2,3	1,1,31244.7333333,1249.0,11985.47,4,717,48490.5,160.0,0.5,7829.33,0.0,215.7,65301.27,507,190,20,4,0,0,721,0,0,8605.24,721
2015,6,14,2,3	1,1,29028.95,1496.0,13476.42,11,812,52633.0,55.5,1.0,7075.28,0.0,245.7,69760.3,515,274,29,5,0,0,823,0,0,9766.47,823
2015,6,18,2,3	1,1,31235.4833333,1247.0,12503.66,6,767,50739.5,212.5,0.5,8269.61,0.0,230.7,68550.84,553,185,31,4,0,0,773,0,0,9098.03,773
2015,1,6,2,3	1,1,14696.9333333,816.0,7250.23,12,434,28020.4,101.5,1.0,3552.95,0.0,132.9,37026.42,265,161,16,4,0,0,446,0,0,5218.27,446
2015,8,27,2,3	1,1,27409.2,1147.0,10340.77,5,654,42087.0,175.5,0.0,6355.91,0.0,195.3,56774.92,422,206,25,6,0,0,659,0,0,7961.21,659
2015,10,17,2,3	1,1,20676.8833333,1147.0,10108.13,5,620,39763.0,54.0,0.0,5664.17,0.0,186.9,53980.97,417,180,25,3,0,0,625,0,0,8312.9,625
2015,11,25,2,3	1,1,38959.8833333,1614.0,15281.69,6,954,62336.0,232.0,1.0,10282.09,0.0,286.8,84574.36,742,183,28,7,0,0,960,0,0,11436.47,960
2015,11,21,2,3	1,1,28088.75,1285.0,11989.85,5,728,47126.0,65.5,0.0,6926.23,0.0,216.9,62954.81,505,194,28,6,0,0,733,0,0,8620.18,733
2015,11,29,2,3	1,1,32786.9666667,1449.0,13033.89,7,795,51806.04,62.5,0.0,6246.56,0.0,240.0,67840.51,465,317,20,0,0,0,802,0,0,9485.41,802
2015,2,18,2,3	1,1,23922.3666667,1102.0,10927.51,6,659,43329.7,152.5,0.0,6649.94,0.0,199.2,58298.74,476,162,21,6,0,0,665,0,0,7969.2,665
2015,2,14,2,3	1,1,20077.8666667,1144.0,9852.62,5,606,38569.0,69.0,0.0,5695.26,0.0,183.3,51612.35,429,163,15,4,0,0,611,0,0,7095.79,611
2015,2,10,2,3	1,1,15965.0666667,836.0,7891.2,9,500,31202.0,106.0,0.5,5201.14,0.0,152.7,42307.49,356,124,19,10,0,0,509,0,0,5645.75,509
2015,5,2,2,3	1,1,19386.5666667,924.0,9155.07,7,548,35918.35,51.0,1.5,4277.2,0.0,165.6,46912.5,326,194,26,9,0,0,555,0,0,6498.85,555
2015,8,30,2,3	1,1,25298.0666667,1136.0,10782.87,4,661,42469.0,36.0,0.0,4884.64,0.0,198.9,55773.04,374,262,24,5,0,0,665,0,0,8184.5,665
2015,5,6,2,3	1,1,29169.25,1316.0,12679.55,3,775,50861.0,165.0,1.0,7894.31,0.0,232.2,68594.42,543,211,18,6,0,0,778,0,0,9440.91,778
2015,9,6,2,3	1,1,20168.6666667,1188.0,9970.0,4,616,38892.9,30.5,0.0,3975.67,0.0,184.2,50527.65,316,283,18,3,0,0,620,0,0,7444.38,620
2015,9,2,2,3	1,1,20991.05,1033.0,9214.25,3,589,37281.0,149.5,0.5,5598.22,0.0,176.4,50318.39,383,184,21,4,0,0,592,0,0,7112.77,592
2015,4,12,2,3	1,1,31773.7666667,1671.0,554082.94,12,868,56339.5,61.5,0.0,7196.78,0.0,263.4,74099.29,537,309,28,6,0,0,880,0,0,10239.91,880
2015,4,16,2,3	1,1,28963.4,1277.0,11805.04,7,749,47925.8,195.5,0.0,7356.65,0.0,225.0,64591.24,532,198,23,3,0,0,756,0,0,8873.68,756
2015,5,13,2,3	1,1,35114.9666667,1331.0,12558.47,7,779,52032.5,186.0,0.0,8400.85,0.0,234.6,70132.35,576,176,26,8,0,0,786,0,0,9278.4,786
2015,5,17,2,3	1,1,40928.1166667,1962.0,17995.07,6,1090,71772.34,54.0,0.0,9330.96,0.0,327.6,94558.38,689,358,32,17,0,0,1096,0,0,13073.48,1096
2015,4,27,2,3	1,1,23347.1833333,1242.0,11019.79,12,668,43392.5,156.0,0.0,6396.3,0.0,201.9,58019.53,462,189,19,10,0,0,680,0,0,7872.83,680
2015,12,26,2,3	1,1,10574.7,649.0,6071.88,2,354,22886.0,31.5,0.5,2755.6,0.0,105.6,30225.78,193,148,11,4,0,0,356,0,0,4446.58,356
2015,10,6,2,3	1,1,21979.8666667,976.0,9261.0,3,575,36536.3,131.5,0.0,5452.93,0.0,171.9,49073.0,382,167,28,1,0,0,578,0,0,6780.37,578
2015,12,22,2,3	1,1,44274.4333333,1774.0,16634.4,6,993,67577.31,256.5,0.0,10330.65,0.0,299.7,91373.33,742,222,34,1,0,0,999,0,0,12909.17,999
2015,8,23,2,3	1,1,22259.3,1243.0,10949.45,4,673,43130.5,38.5,0.0,5087.01,0.0,203.1,57389.44,378,268,22,9,0,0,677,0,0,8930.33,677
2015,3,22,2,3	1,1,28744.5833333,1554.0,13836.05,5,849,54802.5,53.5,0.5,7122.41,0.0,256.2,73128.0,546,277,23,8,0,0,854,0,0,10894.09,854
2015,10,13,2,3	1,1,21854.3,1080.0,10140.59,3,627,40345.24,142.0,0.0,5882.4,0.0,188.4,53973.67,422,177,23,8,0,0,630,0,0,7415.63,630
2015,3,26,2,3	1,1,27324.9333333,1346.0,12039.15,14,761,48406.5,217.5,1.0,8278.4,0.0,232.5,66167.83,573,175,22,5,0,0,775,0,0,9034.33,775
2015,1,17,2,3	1,1,15941.9166667,903.0,8507.53,4,536,33413.5,58.0,0.0,5041.24,0.0,160.8,44772.15,366,147,19,8,0,0,540,0,0,6099.81,540
2015,4,23,2,3	1,1,29061.9,1328.0,12654.65,6,788,51082.0,174.5,1.5,8290.85,0.0,237.0,68918.69,587,188,15,4,0,0,794,0,0,9132.84,794
2015,1,13,2,3	1,1,18756.65,1053.0,9671.98,6,612,38211.0,136.5,0.0,6112.25,0.0,185.4,51729.85,440,152,21,5,0,0,618,0,0,7086.5,618
2015,1,2,2,3	1,1,29699.1666667,1766.0,14517.86,9,869,55740.6,204.5,1.5,4261.32,0.0,130.2,70673.96,356,490,24,8,0,0,878,0,0,10205.64,878
2015,9,28,2,3	1,1,30020.8666667,1410.0,12699.34,5,785,50054.0,185.0,0.0,6808.23,0.0,234.6,66859.49,489,267,31,3,0,0,790,0,0,9577.66,790
2015,9,24,2,3	1,1,20488.1666667,1203.0,10733.98,11,678,41994.0,157.0,0.0,6748.46,0.0,206.1,57064.91,486,169,25,9,0,0,689,0,0,7959.35,689
2015,4,3,2,3	1,1,25735.4833333,1242.0,10821.38,9,691,44338.5,134.5,0.0,6994.48,0.0,210.0,59707.76,511,149,31,9,0,0,700,0,0,8032.68,700
2015,4,7,2,3	1,1,22413.1666667,986.0,8949.82,5,548,35204.0,117.5,0.0,4771.54,0.0,165.9,46688.38,350,181,17,5,0,0,553,0,0,6429.44,553
2015,7,22,2,3	1,1,29982.45,1218.0,11121.21,6,684,45279.0,179.0,0.0,6617.01,0.0,206.4,60397.12,466,195,26,3,0,0,690,0,0,8115.71,690
2015,7,26,2,3	1,1,21774.0666667,1242.0,11066.51,5,672,42578.0,50.5,1.0,5627.91,0.0,203.1,56390.9,412,236,25,4,0,0,677,0,0,7930.39,677
2015,3,19,2,3	1,1,28204.0833333,1345.0,12611.17,13,780,50548.0,223.5,0.0,8209.62,0.0,237.9,68458.16,565,195,26,7,0,0,793,0,0,9253.94,793
2015,7,8,2,3	1,1,19904.3,884.0,7987.14,4,502,32275.0,133.0,1.0,4578.08,0.0,150.6,42682.31,329,153,21,3,0,0,506,0,0,5544.63,506
2015,4,30,2,3	1,1,31914.5833333,1350.0,13051.03,8,829,53836.0,173.5,0.5,8581.1,0.0,249.3,72523.56,591,211,28,7,0,0,837,0,0,9683.16,837
2015,3,11,2,3	1,1,27881.6,1156.0,11118.39,5,688,45333.0,164.5,0.5,6839.85,0.0,207.9,60759.88,492,181,16,4,0,0,693,0,0,8214.13,693
2015,10,2,2,3	1,1,39349.8833333,1408.0,13087.67,9,814,53522.5,164.0,0.5,8721.91,0.0,243.9,72398.1,594,191,34,4,0,0,823,0,0,9745.29,823
2015,3,15,2,3	1,1,31730.1833333,1547.0,14235.46,10,816,55503.5,56.5,0.5,8315.91,0.0,247.8,74104.17,578,221,24,3,0,0,826,0,0,9982.36,826
2015,7,4,2,3	1,1,9157.41666667,740.0,5714.44,2,358,21785.5,36.0,0.0,2376.46,0.0,107.4,28259.96,192,147,18,3,0,0,360,0,0,3954.6,360
2015,5,31,2,3	1,1,34169.8,1500.0,14086.59,5,831,55287.0,59.5,0.5,7260.08,0.0,250.2,72870.39,522,283,21,10,0,0,836,0,0,10013.11,836
2015,7,19,2,3	1,1,27431.8833333,1323.0,12412.53,10,731,49163.0,61.0,0.0,6541.85,0.0,221.7,65081.17,459,251,27,4,0,0,741,0,0,9093.62,741
2015,7,15,2,3	1,1,20971.8833333,1001.0,9953.26,4,585,38634.5,174.0,0.0,5489.22,0.0,174.3,51685.67,394,171,19,5,0,0,589,0,0,7213.65,589
2015,7,11,2,3	1,1,18227.9166667,917.0,7997.61,8,500,31553.8,55.0,0.5,4121.39,0.0,151.2,41352.8,307,173,24,4,0,0,508,0,0,5470.91,508
2015,1,31,2,4	1,1,3300.75,175.0,1881.35,3,107,6620.0,28.0,55.0,656.17,0.0,33.0,7592.76,60,47,3,0,0,0,110,0,0,200.59,110
2015,5,20,2,4	1,1,5879.55,256.0,2743.8,4,163,10244.5,62.0,83.5,1273.54,0.0,50.1,11977.56,98,66,2,1,0,0,167,0,0,263.92,167
2015,5,24,2,4	1,1,3321.91666667,174.0,4501811.64,1,100,6678.0,23.5,50.5,426.19,0.0,30.3,7390.83,36,61,3,1,0,0,101,0,0,182.34,101
2015,11,9,2,4	1,1,4924.93333333,256.0,2608.45,2,150,9837.7,53.0,76.0,1215.09,0.0,45.6,11516.0,96,50,4,2,0,0,152,0,0,288.61,152
2015,5,28,2,4	1,1,5180.66666667,229.0,2470.98,5,136,9293.95,55.0,70.0,1043.06,0.0,42.3,10807.72,93,41,6,1,0,0,141,0,0,303.41,141
2015,11,5,2,4	1,1,8218.58333333,246.0,2578.92,2,144,9568.0,66.0,73.0,1086.69,0.0,43.8,11275.51,90,53,2,1,0,0,146,0,0,438.02,146
2015,11,1,2,4	1,1,9513.63333333,319.0,3015.84,3,181,10902.5,51.0,92.0,1069.35,0.0,55.2,12561.74,102,75,5,2,0,0,184,0,0,391.69,184
2015,6,29,2,4	1,1,4374.1,213.0,2297.82,1,137,8528.5,47.0,69.0,877.95,0.0,41.4,9801.46,74,60,4,0,0,0,138,0,0,237.61,138
2015,3,8,2,4	1,1,3591.2,203.0,1717.44,2,109,6355.0,26.5,55.5,642.16,0.0,33.3,7267.53,55,54,1,1,0,0,111,0,0,155.07,111
2015,6,21,2,4	1,1,4417.46666667,224.0,2330.7,2,129,8592.85,26.5,65.5,830.76,0.0,39.3,9818.28,69,59,2,1,0,0,131,0,0,263.37,131
2015,3,4,2,4	1,1,6378.86666667,279.0,2774.33,1,156,10292.5,60.0,78.5,1442.05,0.0,47.1,12274.9,104,51,2,0,0,0,157,0,0,354.75,157
2015,6,25,2,4	1,1,6902.56666667,302.0,3019.42,6,178,11710.0,82.0,92.0,1525.0,0.0,55.2,13764.16,98,75,10,1,0,0,184,0,0,299.96,184
2015,6,9,2,4	1,1,5895.83333333,273.0,2414.2,0,155,8856.0,65.0,77.5,1109.41,0.0,46.5,10362.02,87,63,4,1,0,0,155,0,0,207.61,155
2015,11,18,2,4	1,1,5823.06666667,273.0,2971.21,3,163,10906.9,73.0,83.0,1414.77,0.0,49.8,12863.55,106,55,3,2,0,0,166,0,0,336.08,166
2015,11,14,2,4	1,1,3896.86666667,204.0,2105.78,3,119,7830.5,28.5,61.0,774.58,0.0,36.6,8923.28,65,51,3,3,0,0,122,0,0,192.1,122
2015,11,10,2,4	1,1,6712.51666667,282.0,3021.43,1,164,11274.0,74.0,82.5,1346.69,0.0,49.5,13173.06,95,63,6,1,0,0,165,0,0,346.37,165
2015,1,28,2,4	1,1,4866.86666667,248.0,2589.54,1,159,9495.0,62.5,80.0,1157.81,0.0,48.0,11037.62,89,68,2,1,0,0,160,0,0,194.31,160
2015,1,24,2,4	1,1,2894.05,180.0,1616.79,2,106,6066.0,24.5,54.0,722.46,0.0,32.4,7069.47,56,43,8,1,0,0,108,0,0,170.11,108
2015,1,20,2,4	1,1,4542.2,253.0,2361.27,2,153,8676.0,65.0,77.0,1014.53,0.0,46.2,10030.36,97,57,0,1,0,0,155,0,0,151.63,155
2015,2,25,2,4	1,1,5251.81666667,260.0,2547.9,1,150,9469.5,67.5,75.5,1164.56,0.0,45.3,11033.7,91,57,2,1,0,0,151,0,0,211.34,151
2015,2,21,2,4	1,1,5065.83333333,259.0,2423.39,1,147,9076.0,40.0,74.0,736.15,0.0,44.4,10172.22,72,69,7,0,0,0,148,0,0,201.67,148
2015,2,9,2,4	1,1,4113.35,247.0,2208.97,2,131,8224.64,68.5,66.5,906.26,0.0,39.9,9498.84,77,53,2,1,0,0,133,0,0,193.04,133
2015,2,5,2,4	1,1,3772.03333333,182.0,1908.46,0,116,6794.7,55.5,58.0,948.37,0.0,34.8,8085.02,79,36,1,0,0,0,116,0,0,193.65,116
2015,6,5,2,4	1,1,7047.25,261.0,3207.53,1,189,12123.5,80.5,95.0,1302.31,0.0,57.0,13933.53,109,72,8,1,0,0,190,0,0,275.22,190
2015,2,1,2,4	1,1,3232.81666667,180.0,1861.22,2,101,6918.5,20.0,51.5,833.57,0.0,30.9,8031.05,63,40,0,0,0,0,103,0,0,176.58,103
2015,12,8,2,4	1,1,4568.1,221.0,2311.14,1,140,8946.0,59.0,70.5,1083.33,0.0,42.3,10484.31,91,49,0,1,0,0,141,0,0,283.18,141
2015,12,4,2,4	1,1,6890.13333333,233.0,2868.0,6,156,10891.0,67.0,81.0,1139.24,0.0,48.6,12570.04,99,53,7,3,0,0,162,0,0,343.2,162
2015,8,16,2,4	1,1,4698.71666667,253.0,2367.02,5,141,10518.55,21.0,73.0,877.74,0.0,43.8,11708.71,85,60,1,0,0,0,146,0,0,174.62,146
2015,10,24,2,4	1,1,4150.8,192.0,2201.38,1,115,7984.0,23.5,58.0,753.88,0.0,34.8,9131.75,61,52,2,1,0,0,116,0,0,277.57,116
2015,12,15,2,4	1,1,6522.0,291.0,3112.68,2,177,11721.5,72.0,89.5,1526.27,0.0,53.7,13742.29,108,67,3,1,0,0,179,0,0,279.32,179
2015,10,20,2,4	1,1,4859.43333333,218.0,2396.26,0,137,9121.5,61.0,68.0,1158.15,0.0,41.1,10722.98,84,51,2,0,0,0,137,0,0,273.23,137
2015,12,11,2,4	1,1,7151.5,276.0,3808.31,3,193,14291.5,85.5,98.0,1905.42,0.0,58.8,16833.19,140,53,3,0,0,0,196,0,0,393.97,196
2015,6,1,2,4	1,1,6246.13333333,347.0,3287.08,1,181,12337.0,81.0,91.0,1239.67,0.0,54.6,14050.68,100,80,2,0,0,0,182,0,0,247.41,182
2015,10,28,2,4	1,1,7376.4,265.0,2855.23,4,157,10870.5,67.0,80.5,1335.8,0.0,48.3,12710.4,96,60,2,3,0,0,161,0,0,308.3,161
2015,12,19,2,4	1,1,4558.83333333,191.0,2231.31,0,115,8259.65,25.0,57.5,964.88,0.0,34.5,9652.34,71,40,4,0,0,0,115,0,0,310.81,115
2015,9,20,2,4	1,1,8047.21666667,289.0,2969.17,6,171,10881.64,42.5,88.5,971.24,0.0,53.1,12437.04,92,82,3,0,0,0,177,0,0,400.06,177
2015,10,31,2,4	1,1,3363.91666667,178.0,1789.87,0,111,6611.5,29.5,55.5,630.15,0.0,33.3,7540.58,61,46,3,1,0,0,111,0,0,180.63,111
2015,9,17,2,4	1,1,5805.46666667,247.0,2978.18,2,159,11294.15,77.5,80.5,1570.91,0.0,48.3,13360.7,110,47,4,0,0,0,161,0,0,289.34,161
2015,8,3,2,4	1,1,4699.85,277.0,2364.12,2,155,8945.0,56.5,78.5,1015.18,0.0,47.1,10346.81,85,67,5,0,0,0,157,0,0,204.53,157
2015,9,13,2,4	1,1,6536.21666667,237.0,2606.77,1,134,9374.5,29.0,67.5,753.99,0.0,40.5,10607.92,73,57,5,0,0,0,135,0,0,342.43,135
2015,6,10,2,4	1,1,5072.21666667,235.0,2482.47,2,139,9232.1,53.5,70.5,1193.49,0.0,42.3,10891.61,91,43,7,0,0,0,141,0,0,299.72,141
2015,6,14,2,4	1,1,5021.31666667,242.0,2686.97,2,146,10100.5,31.0,74.0,887.81,0.0,44.4,11446.15,77,63,7,1,0,0,148,0,0,308.44,148
2015,6,18,2,4	1,1,6772.0,285.0,2841.37,4,165,10669.8,66.0,84.5,1163.54,0.0,50.7,12366.59,104,62,3,0,0,0,169,0,0,332.05,169
2015,1,6,2,4	1,1,4620.93333333,240.0,2219.83,1,144,8118.45,55.5,72.5,907.74,0.0,43.2,9408.41,79,64,2,0,0,0,145,0,0,211.02,145
2015,8,27,2,4	1,1,5614.38333333,324.0,2648.32,1,169,11678.0,68.0,84.5,929.38,0.0,50.7,13021.28,94,73,2,1,0,0,170,0,0,210.7,170
2015,10,17,2,4	1,1,4326.73333333,226.0,2244.2,3,140,8456.0,35.5,71.5,1021.88,0.0,42.9,9928.46,77,54,11,1,0,0,143,0,0,300.68,143
2015,11,25,2,4	1,1,6266.46666667,226.0,2405.14,3,127,8993.08,48.0,65.0,1003.15,0.0,39.0,10437.73,76,51,1,2,0,0,130,0,0,289.5,130
2015,11,21,2,4	1,1,3076.23333333,161.0,1566.86,0,101,5852.5,29.5,50.5,628.21,0.0,30.3,6779.8,60,35,5,1,0,0,101,0,0,188.79,101
2015,11,29,2,4	1,1,4122.8,247.0,2421.04,0,143,8955.0,27.0,71.5,794.74,0.0,42.9,10154.82,72,67,3,1,0,0,143,0,0,263.68,143
2015,2,18,2,4	1,1,4461.71666667,232.0,2157.04,3,138,7832.82,66.5,70.5,859.06,0.0,42.3,9094.36,78,62,1,0,0,0,141,0,0,223.18,141
2015,2,14,2,4	1,1,3281.53333333,179.0,1797.61,3,106,6619.5,26.5,54.5,448.42,0.0,32.7,7364.52,51,52,3,3,0,0,109,0,0,182.9,109
2015,2,10,2,4	1,1,4835.75,190.0,2410.28,1,137,8488.5,58.0,68.0,1227.01,0.0,40.8,10117.04,72,56,8,2,0,0,138,0,0,234.73,138
2015,5,2,2,4	1,1,3426.6,204.0,1801.18,1,120,6468.0,29.5,60.5,620.58,0.0,36.3,7401.86,51,62,8,0,0,0,121,0,0,186.98,121
2015,8,30,2,4	1,1,6983.03333333,327.0,2860.21,3,188,12517.78,34.5,94.5,944.22,0.0,56.7,13904.46,87,100,4,0,0,0,191,0,0,256.76,191
2015,5,6,2,4	1,1,5274.15,260.0,2630.88,1,151,9674.5,76.5,76.0,1263.02,0.0,45.6,11469.6,95,52,5,0,0,0,152,0,0,333.98,152
2015,9,6,2,4	1,1,3897.2,209.0,2089.82,0,123,8965.0,24.0,61.5,473.39,0.0,36.9,9790.83,45,75,2,1,0,0,123,0,0,230.04,123
2015,9,2,2,4	1,1,6083.96666667,332.0,3022.39,1,168,12870.78,65.5,84.5,882.3,0.0,50.7,14305.57,89,77,2,1,0,0,169,0,0,351.79,169
2015,4,12,2,4	1,1,7374.66666667,513.0,3876.98,12,268,14428.5,48.0,140.0,1417.85,0.0,84.0,16393.96,119,145,12,4,0,0,280,0,0,275.61,280
2015,4,16,2,4	1,1,5619.28333333,262.0,2514.2,1,164,9449.0,66.5,82.5,1154.46,0.0,49.5,11170.82,95,67,2,1,0,0,165,0,0,368.86,165
2015,5,13,2,4	1,1,4682.56666667,217.0,2299.64,1,130,8700.0,58.0,65.5,1029.83,0.0,39.3,10089.18,79,45,6,1,0,0,131,0,0,196.55,131
2015,5,17,2,4	1,1,5686.78333333,292.0,2960.36,5,173,11351.0,37.5,89.0,1142.07,0.0,53.4,13071.59,87,84,5,2,0,0,178,0,0,398.62,178
2015,4,27,2,4	1,1,5091.38333333,259.0,2582.07,6,162,9532.5,59.5,84.0,985.14,0.0,50.4,10931.2,84,77,7,0,0,0,168,0,0,219.66,168
2015,12,26,2,4	1,1,2140.11666667,118.0,1260.09,1,74,4666.0,18.5,37.5,416.47,0.0,22.5,5293.31,36,34,5,0,0,0,75,0,0,132.34,75
2015,10,6,2,4	1,1,6963.9,257.0,2489.19,1,146,9337.0,64.0,73.5,1055.55,0.0,44.1,10895.22,91,55,0,1,0,0,147,0,0,321.07,147
2015,12,22,2,4	1,1,4407.73333333,211.0,1836.09,1,121,6975.5,48.0,61.0,610.54,0.0,36.6,7966.22,58,62,2,0,0,0,122,0,0,234.58,122
2015,8,23,2,4	1,1,4378.33333333,268.0,2503.78,5,143,10891.0,31.0,74.0,805.59,0.0,44.4,12186.11,67,75,2,4,0,0,148,0,0,340.12,148
2015,3,22,2,4	1,1,3429.0,186.0,1810.71,2,121,6679.0,28.0,61.5,538.13,0.0,36.9,7643.78,53,64,6,0,0,0,123,0,0,300.25,123
2015,10,13,2,4	1,1,6120.26666666,220.0,2527.31,5,136,9510.0,51.5,70.5,1183.71,0.0,42.3,11146.97,79,55,7,0,0,0,141,0,0,288.96,141
2015,3,26,2,4	1,1,4542.53333333,248.0,2092.36,4,137,7527.5,63.0,70.5,903.26,0.0,42.3,8912.16,86,48,5,2,0,0,141,0,0,305.6,141
2015,1,17,2,4	1,1,2994.28333333,164.0,1673.81,1,107,6296.5,23.0,54.0,539.69,0.0,32.4,7215.67,51,52,4,1,0,0,108,0,0,270.08,108
2015,4,23,2,4	1,1,5313.16666667,243.0,1571435.64,1,157,9357.5,66.5,79.6,1125.92,0.0,47.1,10953.47,92,60,3,3,0,0,158,0,0,276.85,158
2015,1,13,2,4	1,1,3680.26666667,187.0,1836.23,2,122,6758.5,53.0,62.0,802.77,0.0,36.9,7935.54,80,39,5,0,0,0,124,0,0,222.37,124
2015,1,2,2,4	1,1,3725.18333333,251.0,2231.34,1,132,7965.1,47.5,66.5,566.03,0.0,17.4,8899.82,44,86,2,1,0,0,133,0,0,215.39,133
2015,9,28,2,4	1,1,8255.96666666,248.0,2876.6,3,154,10722.5,66.5,78.5,1217.75,0.0,47.1,12402.45,90,62,4,1,0,0,157,0,0,270.1,157
2015,9,24,2,4	1,1,6928.15,274.0,2955.02,4,162,11207.3,73.0,83.0,1226.67,0.0,49.8,12992.0,102,59,4,1,0,0,166,0,0,352.23,166
2015,4,3,2,4	1,1,4411.35,216.0,2199.71,3,133,8049.0,51.5,68.0,846.42,0.0,40.8,9272.89,71,62,3,0,0,0,136,0,0,217.17,136
2015,4,7,2,4	1,1,3964.25,220.0,2051.91,1,122,7561.15,54.5,61.5,801.31,0.0,36.9,8725.4,77,42,4,0,0,0,123,0,0,210.04,123
2015,7,22,2,4	1,1,5345.45,273.0,2601.76,1,161,10000.5,74.5,81.0,1226.5,0.0,48.6,11691.0,94,66,2,0,0,0,162,0,0,259.9,162
2015,7,26,2,4	1,1,5136.86666667,249.0,2671.85,1,139,9955.0,30.0,70.0,1036.49,0.0,42.0,11438.12,80,57,3,0,0,0,140,0,0,304.63,140
2015,3,19,2,4	1,1,5321.38333333,248.0,2599.16,5,153,9593.5,73.5,79.0,1080.21,0.0,47.4,11077.18,90,61,5,2,0,0,158,0,0,203.57,158
2015,7,8,2,4	1,1,4814.58333333,245.0,2470.48,1,140,9204.5,61.5,70.5,1014.27,0.0,42.3,10698.98,81,59,1,0,0,0,141,0,0,305.91,141
2015,4,30,2,4	1,1,5484.05,265.0,2653.61,5,151,9988.0,59.0,78.0,1186.19,0.0,46.8,11622.61,95,55,4,2,0,0,156,0,0,264.62,156
2015,3,11,2,4	1,1,4011.78333333,197.0,1943.67,1,111,7317.5,46.0,56.0,710.12,0.0,33.6,8313.74,60,48,1,3,0,0,112,0,0,150.52,112
2015,10,2,2,4	1,1,7283.18333333,265.0,3182.68,1,176,12118.75,80.5,88.5,1274.28,0.0,53.1,13983.18,106,67,4,0,0,0,177,0,0,368.05,177
2015,3,15,2,4	1,1,4624.48333333,256.0,2606.66,3,145,9339.0,35.5,74.0,923.85,0.0,44.4,10659.74,80,63,5,0,0,0,148,0,0,242.99,148
2015,7,4,2,4	1,1,3190.46666667,219.0,1884.66,4,117,6844.5,21.5,60.5,451.44,0.0,36.3,7573.27,52,62,7,0,0,0,121,0,0,159.03,121
2015,5,31,2,4	1,1,5258.03333333,258.0,2776.49,3,152,10337.3,39.5,77.5,959.59,0.0,46.5,11644.09,75,77,3,0,0,0,155,0,0,183.7,155
2015,7,19,2,4	1,1,5196.88333333,253.0,2609.62,7,146,9639.0,30.0,76.5,855.41,0.0,45.9,10963.41,68,79,5,1,0,0,153,0,0,316.6,153
2015,7,15,2,4	1,1,6662.21666666,284.0,2672.14,2,159,9677.0,74.0,80.0,1142.8,0.0,48.3,11293.19,100,56,5,0,0,0,161,0,0,271.39,161
2015,7,11,2,4	1,1,4975.65,269.0,2639.87,3,147,10104.55,36.5,75.0,1055.37,0.0,45.0,11540.81,83,65,2,0,0,0,150,0,0,224.39,150
2015,1,31,2,5	1,1,20166.7833333,1769.0,5865.11,25,1302,63065.2,0.0,177.5,6843.98,0.0,382.5,73663.43,1015,241,57,14,0,0,1327,0,0,3199.05,1327
2015,5,20,2,5	1,1,23614.1833333,1669.0,8322.13,23,1301,77104.69,2.0,173.0,9323.38,0.0,383.1,91328.31,1022,240,49,13,0,0,1324,0,0,4353.89,1324
2015,5,24,2,5	1,1,14257.4666667,1832.0,6009.45,20,1139,62646.72,0.0,168.0,5836.84,0.0,338.7,72162.74,871,204,61,23,0,0,1159,0,0,3172.48,1159
2015,11,9,2,5	1,1,20897.2666667,1311.0,8291.89,17,972,64808.33,0.0,123.0,8035.28,0.0,291.6,76823.55,771,153,55,10,0,0,989,0,0,3565.34,989
2015,5,28,2,5	1,1,24706.5666667,1621.0,8068.0,18,1253,74834.4,0.0,176.5,9243.27,0.0,366.6,89242.71,1000,201,47,23,0,0,1271,0,0,4621.94,1271
2015,11,5,2,5	1,1,18010.2833333,1589.0,7225.25,24,1241,72369.19,0.0,182.5,9750.98,0.0,366.3,86744.68,983,195,64,23,0,0,1265,0,0,4075.71,1265
2015,11,1,2,5	1,1,43719.0666667,2786.0,11062.53,26,1824,102943.79,0.5,282.5,10548.43,0.0,534.6,119405.91,1368,370,87,25,0,0,1850,0,0,5096.09,1850
2015,6,29,2,5	1,1,18639.0666667,1564.0,7992.04,14,1097,67222.02,0.0,152.0,7459.38,0.0,319.8,79110.45,811,220,58,22,0,0,1111,0,0,3957.55,1111
2015,3,8,2,5	1,1,25967.1833333,2028.0,8820.96,31,1472,82951.23,0.0,199.5,8291.44,0.0,439.2,95902.99,1138,289,58,18,0,0,1503,0,0,3965.82,1503
2015,6,21,2,5	1,1,23222.7,1916.0,8650.32,65,1237,76509.48,0.5,167.0,8366.87,0.0,377.1,89506.95,946,268,77,11,0,0,1302,0,0,4086.0,1302
2015,3,4,2,5	1,1,24391.7333333,1612.0,8804.48,25,1253,77032.15,2.0,149.5,9661.13,0.0,373.5,92204.09,1029,195,40,14,0,0,1278,0,0,4985.81,1278
2015,6,25,2,5	1,1,26247.1333333,1753.0,9869.05,26,1359,85442.84,0.0,188.5,10778.19,0.0,404.1,101396.29,1058,245,67,15,0,0,1385,0,0,4582.66,1385
2015,6,9,2,5	1,1,22602.0666667,1521.0,8955.28,16,1169,73826.23,1.0,153.5,9207.01,0.0,344.4,87694.83,945,183,46,11,0,0,1185,0,0,4162.69,1185
2015,11,18,2,5	1,1,27886.7333333,1531.0,7787.27,26,1208,74333.84,2.5,171.0,10053.51,0.0,355.8,89447.03,929,228,68,9,0,0,1234,0,0,4530.38,1234
2015,11,14,2,5	1,1,26130.5166667,1866.0,7624.47,29,1343,70630.98,0.5,219.0,7620.86,0.0,398.7,82250.68,1003,280,66,23,0,0,1372,0,0,3380.64,1372
2015,11,10,2,5	1,1,22056.1166667,1356.0,8021.06,21,1068,67823.56,0.0,149.0,8350.2,0.0,315.6,80503.19,812,207,58,12,0,0,1089,0,0,3864.83,1089
2015,1,28,2,5	1,1,13978.25,1304.0,6214.24,27,1031,60577.47,1.0,123.0,6953.43,0.0,300.6,71240.14,840,161,50,7,0,0,1058,0,0,3293.87,1058
2015,1,24,2,5	1,1,16708.2333333,1716.0,6299.03,30,1229,61560.88,0.0,155.0,6632.48,0.0,366.3,71745.13,956,233,61,9,0,0,1259,0,0,3033.47,1259
2015,1,20,2,5	1,1,16906.6833333,1391.0,6609.78,19,1112,70376.76,0.0,133.5,8509.95,0.0,323.1,83368.56,927,153,45,6,0,0,1131,0,0,4027.05,1131
2015,2,25,2,5	1,1,21621.2,1759.0,8932.88,18,1395,88004.82,150.24,177.0,9913.33,0.0,403.8,103179.87,1152,177,67,17,0,0,1413,0,0,4531.88,1413
2015,2,21,2,5	1,1,16203.0666667,1732.0,5712.78,33,1238,59934.04,0.0,182.5,6171.5,0.0,369.3,69657.94,966,233,59,13,0,0,1271,0,0,3005.4,1271
2015,2,9,2,5	1,1,15143.9,1355.0,7247.5,20,1125,66559.21,1.5,141.5,7571.42,0.0,330.3,78500.44,890,200,38,17,0,0,1145,0,0,3900.71,1145
2015,2,5,2,5	1,1,22406.4666667,1653.0,8695.69,20,1394,80946.4,1.0,172.0,10139.91,0.0,407.1,96483.64,1129,204,68,13,0,0,1414,0,0,4821.03,1414
2015,6,5,2,5	1,1,28727.9,1941.0,9358.43,30,1409,86641.11,1.0,208.5,10136.84,0.0,421.5,102951.31,1137,229,64,9,0,0,1439,0,0,5542.36,1439
2015,2,1,2,5	1,1,17085.1333333,1777.0,7270.19,11,1305,68568.85,0.5,164.0,7192.32,0.0,385.2,79734.23,1010,221,61,24,0,0,1316,0,0,3431.76,1316
2015,12,8,2,5	1,1,19977.7333333,1555.0,1674996.62,19,1195,69515.81,1.5,176.0,9370.54,0.0,356.4,83607.16,938,207,52,17,0,0,1214,0,0,4186.91,1214
2015,12,4,2,5	1,1,32511.3,2134.0,9411.45,26,1575,90023.18,0.5,223.0,11133.84,0.0,464.4,107195.35,1246,261,75,19,0,0,1601,0,0,5351.23,1601
2015,8,16,2,5	1,1,13373.8666667,1279.0,6092.08,17,846,54745.27,0.0,109.0,6037.74,0.0,250.8,64972.18,633,179,44,7,0,0,863,0,0,3829.37,863
2015,10,24,2,5	1,1,20926.6666667,1894.0,7672.5,21,1305,72696.46,0.0,189.5,8916.13,0.0,385.8,86285.5,990,258,61,17,0,0,1326,0,0,4097.61,1326
2015,12,15,2,5	1,1,21216.2166667,1628.0,8575.33,20,1264,76399.13,0.5,175.0,9267.95,0.0,370.8,91410.08,988,218,65,13,0,0,1284,0,0,5196.7,1284
2015,10,20,2,5	1,1,18747.4333333,1436.0,6758.11,29,1076,63879.19,2.0,158.0,7241.09,0.0,321.6,75293.87,827,192,69,17,0,0,1105,0,0,3691.99,1105
2015,12,11,2,5	1,1,31345.1166667,2018.0,9864.78,21,1585,98084.69,0.5,244.5,11984.95,0.0,464.7,115913.06,1243,269,78,16,0,0,1606,0,0,5133.72,1606
2015,6,1,2,5	1,1,27702.0,1692.0,10929.62,24,1296,89404.72,3.0,159.5,9992.31,0.0,382.2,104919.16,981,243,77,19,0,0,1320,0,0,4977.43,1320
2015,10,28,2,5	1,1,19067.15,1584.0,7164.72,30,1216,74562.48,1.0,184.0,9264.47,0.0,362.4,88647.77,942,232,58,14,0,0,1246,0,0,4273.42,1246
2015,12,19,2,5	1,1,26076.5666667,2189.0,8111.75,15,1538,81585.82,5.0,226.5,9682.4,0.0,446.1,96436.58,1135,289,110,19,0,0,1553,0,0,4491.06,1553
2015,9,20,2,5	1,1,27817.1666667,2481.0,10601.96,236,1509,93108.37,0.0,221.0,9245.98,0.0,507.6,108762.69,1157,424,126,38,0,0,1745,0,0,5679.74,1745
2015,10,31,2,5	1,1,20546.7166667,1981.0,7641.47,29,1369,70460.02,0.0,183.5,7110.65,0.0,400.8,81643.76,1007,289,80,22,0,0,1398,0,0,3488.79,1398
2015,9,17,2,5	1,1,24825.9333333,1829.0,9411.12,21,1405,87204.74,1.5,187.0,10800.34,0.0,413.7,103618.75,1102,244,57,23,0,0,1426,0,0,5011.77,1426
2015,8,3,2,5	1,1,20486.85,1326.0,8257.65,15,1003,68719.71,0.0,137.5,7859.75,0.0,298.2,80889.21,757,209,33,19,0,0,1018,0,0,3874.05,1018
2015,9,13,2,5	1,1,24274.7666667,2022.0,9561.16,33,1399,83414.97,0.0,221.5,9271.19,0.0,414.3,98199.19,1036,309,65,22,0,0,1432,0,0,4877.23,1432
2015,6,10,2,5	1,1,24145.6,1541.0,8746.86,20,1223,69486.38,0.0,160.0,9193.62,0.0,360.9,83327.83,972,200,55,16,0,0,1243,0,0,4126.93,1243
2015,6,14,2,5	1,1,28280.3833333,2103.0,10037.52,19,1441,87050.26,0.0,201.0,9235.8,0.0,420.9,101338.82,1058,325,62,15,0,0,1460,0,0,4430.86,1460
2015,6,18,2,5	1,1,26404.2666667,1696.0,8848.85,15,1298,78286.13,0.0,168.5,10183.18,0.0,382.8,93538.06,1059,192,46,16,0,0,1313,0,0,4517.45,1313
2015,1,6,2,5	1,1,16993.9,1411.0,6978.14,12,1080,65464.47,445.87,119.5,7093.86,0.0,313.2,76580.56,827,202,52,11,0,0,1092,0,0,3148.46,1092
2015,8,27,2,5	1,1,24846.5833333,1699.0,7338.2,24,1220,71050.22,0.5,167.0,8323.06,0.0,348.6,83776.22,912,262,58,12,0,0,1244,0,0,3886.84,1244
2015,10,17,2,5	1,1,21361.4,1761.0,7605.83,21,1258,67794.98,0.0,172.0,7502.6,0.0,371.4,79959.53,920,259,77,23,0,0,1279,0,0,4118.55,1279
2015,11,25,2,5	1,1,19606.2833333,1375.0,6336.58,17,1011,55727.9,2.0,144.5,7070.53,0.0,298.5,66050.72,785,182,49,12,0,0,1028,0,0,2807.29,1028
2015,11,21,2,5	1,1,21676.6,1777.0,7391.02,22,1289,67055.6,1.0,182.0,7737.84,0.0,375.9,78886.84,960,263,66,22,0,0,1311,0,0,3534.5,1311
2015,11,29,2,5	1,1,23052.9,1880.0,8274.1,18,1238,70326.01,1.0,174.0,6853.19,0.0,366.0,81119.14,918,267,58,13,0,0,1256,0,0,3398.94,1256
2015,2,18,2,5	1,1,19622.55,1587.0,8362.97,20,1258,75573.32,2.5,158.0,9062.39,0.0,365.1,89834.73,1015,196,49,18,0,0,1278,0,0,4675.22,1278
2015,2,14,2,5	1,1,19154.3333333,2082.0,7758.47,23,1494,73367.07,0.0,197.5,8447.57,0.0,440.7,86343.58,1157,274,69,17,0,0,1517,0,0,3896.74,1517
2015,2,10,2,5	1,1,16725.7833333,1445.0,7505.67,31,1155,69059.58,1.0,128.0,8671.73,0.0,341.4,81984.33,950,174,45,17,0,0,1186,0,0,3786.82,1186
2015,5,2,2,5	1,1,24633.2833333,2107.0,7601.54,30,1423,76372.52,0.0,195.0,7579.95,0.0,422.7,89289.33,1102,279,57,15,0,0,1453,0,0,4719.16,1453
2015,8,30,2,5	1,1,21152.7166667,1817.0,7902.34,23,1233,70903.69,1.0,192.5,7650.71,0.0,363.0,82383.11,934,250,49,23,0,0,1256,0,0,3272.21,1256
2015,5,6,2,5	1,1,23855.95,1823.0,9690.41,30,1393,82325.12,2.5,183.5,10313.06,0.0,414.3,98690.44,1135,220,54,14,0,0,1423,0,0,5451.96,1423
2015,9,6,2,5	1,1,14601.3666667,1639.0,6218.11,12,1038,59199.63,0.5,149.0,5338.85,0.0,304.8,68156.98,757,230,53,10,0,0,1050,0,0,3164.2,1050
2015,9,2,2,5	1,1,19718.0166667,1304.0,6164.98,17,969,58685.93,0.5,142.0,6313.63,0.0,284.7,68477.83,739,197,37,13,0,0,986,0,0,3051.07,986
2015,4,12,2,5	1,1,23111.9,2088.0,9849.8,38,1421,87208.06,0.0,205.5,9734.88,0.0,423.9,102524.11,1138,247,60,14,0,0,1459,0,0,4953.57,1459
2015,4,16,2,5	1,1,29450.4833333,1732.0,8559.37,15,1370,80460.81,0.5,176.0,10681.59,0.0,398.4,95992.28,1084,227,61,13,0,0,1385,0,0,4276.38,1385
2015,5,13,2,5	1,1,25143.85,1862.0,9787.41,16,1450,88490.71,0.0,180.0,11686.73,0.0,428.7,106281.61,1181,206,64,15,0,0,1466,0,0,5495.47,1466
2015,5,17,2,5	1,1,25681.8666667,2360.0,11033.04,28,1612,96932.02,1.5,223.5,11330.74,0.0,476.4,115940.19,1246,296,74,24,0,0,1640,0,0,6976.03,1640
2015,4,27,2,5	1,1,19182.3,1339.0,7545.93,14,1027,61787.34,0.5,118.0,7343.0,0.0,299.1,73086.94,816,155,58,12,0,0,1041,0,0,3539.0,1041
2015,12,26,2,5	1,1,10323.9333333,919.0,3602.51,9,549,33196.43,0.5,76.5,3024.83,0.0,161.4,38253.15,394,137,22,5,0,0,558,0,0,1793.49,558
2015,10,6,2,5	1,1,16367.55,1289.0,6567.7,16,976,60642.18,0.0,124.0,7947.6,0.0,283.8,72379.86,748,171,56,17,0,0,992,0,0,3382.28,992
2015,12,22,2,5	1,1,16905.7166667,1347.0,6122.09,33,976,57163.92,1.0,130.0,6454.13,0.0,290.4,68483.08,747,185,67,10,0,0,1009,0,0,4443.63,1009
2015,8,23,2,5	1,1,22342.45,1832.0,8646.67,19,1233,71023.12,0.5,184.5,7714.89,0.0,362.1,83670.94,899,282,54,17,0,0,1252,0,0,4386.63,1252
2015,3,22,2,5	1,1,19634.2666667,2039.0,8442.97,24,1439,79626.19,0.0,185.0,8656.81,0.0,428.1,93072.02,1137,249,56,21,0,0,1463,0,0,4181.32,1463
2015,10,13,2,5	1,1,18811.4333333,1384.0,7721.83,20,1071,63673.23,1.5,149.5,7995.22,0.0,319.5,75866.87,836,185,58,12,0,0,1091,0,0,3739.67,1091
2015,3,26,2,5	1,1,26905.25,1905.0,9861.7,27,1489,88402.91,0.0,189.5,10851.75,0.0,441.9,105740.53,1244,203,57,12,0,0,1516,0,0,5856.27,1516
2015,1,17,2,5	1,1,43953.1,1838.0,6313.6,17,1336,67535.72,0.5,174.5,7819.26,0.0,392.4,79375.5,1028,246,61,18,0,0,1353,0,0,3459.12,1353
2015,4,23,2,5	1,1,24517.75,1687.0,7969.77,19,1345,81380.9,0.0,166.5,10005.02,0.0,391.8,96528.05,1090,211,51,12,0,0,1364,0,0,4583.83,1364
2015,1,13,2,5	1,1,17053.5833333,1474.0,7032.6,19,1194,70287.46,0.0,134.0,8000.41,0.0,345.6,82504.69,956,186,54,17,0,0,1213,0,0,3739.62,1213
2015,1,2,2,5	1,1,15176.75,1392.0,6206.01,23,835,47792.46,0.5,105.5,4332.31,0.0,122.7,55134.22,619,183,43,13,0,0,858,0,0,2655.95,858
2015,9,28,2,5	1,1,23606.1,1587.0,9269.48,27,1171,79838.36,1.0,178.5,9252.67,0.0,351.9,94161.63,902,226,58,12,0,0,1198,0,0,4540.0,1198
2015,9,24,2,5	1,1,19237.3166667,1538.0,7844.11,19,1146,71653.76,0.5,154.0,9499.07,0.0,339.9,85783.14,891,208,56,10,0,0,1165,0,0,4135.91,1165
2015,4,3,2,5	1,1,92095.7333334,1764.0,7940.01,29,1258,71651.81,0.0,163.5,8318.09,0.0,371.7,84439.76,983,244,46,14,0,0,1287,0,0,3935.26,1287
2015,4,7,2,5	1,1,18126.9,1455.0,6801.4,23,1100,70418.68,0.0,147.0,7431.07,0.0,317.1,82453.98,897,173,35,18,0,0,1123,0,0,4141.93,1123
2015,7,22,2,5	1,1,25566.6666667,1644.0,8187.05,24,1202,73334.49,0.0,151.5,9141.19,0.0,355.5,86997.08,947,202,54,23,0,0,1226,0,0,4014.4,1226
2015,7,26,2,5	1,1,22932.1333333,2022.0,9521.88,28,1336,79289.87,0.0,182.5,8808.86,0.0,395.1,92926.76,1007,260,78,19,0,0,1364,0,0,4250.43,1364
2015,3,19,2,5	1,1,22895.95,1686.0,8187.44,31,1324,78513.72,70.0,151.5,9858.25,0.0,391.8,93544.68,1066,213,56,20,0,0,1355,0,0,4561.81,1355
2015,7,8,2,5	1,1,22953.45,1453.0,7113.26,22,1081,63181.36,0.0,142.0,7729.93,0.0,320.7,75392.18,844,184,52,23,0,0,1103,0,0,4018.19,1103
2015,4,30,2,5	1,1,27134.25,1813.0,11964.78,22,1387,86911.74,1.0,165.0,10967.83,0.0,404.7,103763.52,1134,211,55,9,0,0,1409,0,0,5313.55,1409
2015,3,11,2,5	1,1,22350.15,1511.0,8246.98,13,1229,77243.02,0.0,154.0,10403.89,0.0,360.6,92580.78,1010,169,44,19,0,0,1242,0,0,4422.87,1242
2015,10,2,2,5	1,1,27265.9333333,1774.0,8218.56,35,1361,77686.33,1.0,198.5,9642.03,0.0,403.5,93131.78,1038,268,75,15,0,0,1396,0,0,5200.42,1396
2015,3,15,2,5	1,1,24231.1,1949.0,8725.38,18,1385,76760.99,1.5,180.0,8775.21,0.0,412.2,90247.3,1073,257,59,14,0,0,1403,0,0,4125.5,1403
2015,7,4,2,5	1,1,12164.6166667,1388.0,5558.92,17,866,47548.55,0.0,119.0,5231.73,0.0,258.3,55819.68,612,201,59,11,0,0,883,0,0,2662.1,883
2015,5,31,2,5	1,1,23950.75,2031.0,11250.76,24,1391,88594.9,0.0,186.0,9223.85,0.0,412.5,102887.13,1041,286,71,17,0,0,1415,0,0,4469.88,1415
2015,7,19,2,5	1,1,26939.3166667,2105.0,9443.59,32,1408,82354.71,5.0,203.5,8341.37,0.0,413.1,97079.97,1085,266,72,17,0,0,1440,0,0,5762.29,1440
2015,7,15,2,5	1,1,21205.4,1675.0,8042.23,7,1221,77410.68,1.5,156.5,9226.22,0.0,355.5,91292.06,938,231,48,11,0,0,1228,0,0,4141.66,1228
2015,7,11,2,5	1,1,21708.3833333,1989.0,7629.2,30,1308,70463.17,0.5,168.5,7056.02,0.0,386.7,82104.7,952,286,82,18,0,0,1338,0,0,4029.81,1338
2015,1,31,2,6	1,1,3.98333333334,4.0,2.3,0,4,13.0,0.0,2.0,30.0,0.0,1.2,46.2,1,2,1,0,0,0,4,0,0,0.0,4
2015,5,20,2,6	1,0,1.61666666667,6.0,19.4,0,5,15.5,0.0,2.5,0.0,0.0,1.5,19.5,0,5,0,0,0,0,5,0,0,0.0,5
2015,5,24,2,6	1,0,92.25,6.0,15.4,1,4,24.5,0.0,2.5,0.0,0.0,1.5,28.5,1,2,1,1,0,0,5,0,0,0.0,5
2015,11,9,2,6	1,1,1.93333333333,6.0,10.88,1,5,20.0,0.0,3.0,1.85,0.0,1.8,26.65,1,4,1,0,0,0,6,0,0,0.0,6
2015,5,28,2,6	1,0,10.95,7.0,0.7,0,5,12.5,0.0,2.5,60.5,0.0,1.5,77.0,2,2,1,0,0,0,5,0,0,0.0,5
2015,11,5,2,6	1,0,1.55,5.0,1.2,1,4,12.5,0.0,2.5,2.24,0.0,1.5,18.74,1,3,1,0,0,0,5,0,0,0.0,5
2015,11,1,2,6	1,0,168.916666667,9.0,28.4,0,7,60.34,1.0,3.0,57.71,0.0,2.1,140.77,4,1,2,0,0,0,7,0,0,16.62,7
2015,6,29,2,6	1,0,10.3333333333,12.0,19.8,1,10,27.5,0.0,5.5,0.8,0.0,3.3,37.1,1,7,2,1,0,0,11,0,0,0.0,11
2015,3,8,2,6	1,0,19.4,7.0,2.2,0,7,17.5,0.5,3.5,6.0,0.0,2.1,29.6,1,2,3,1,0,0,7,0,0,0.0,7
2015,6,21,2,6	1,0,0.85,2.0,0.0,0,2,5.0,0.0,1.0,0.0,0.0,0.6,6.6,0,1,1,0,0,0,2,0,0,0.0,2
2015,3,4,2,6	1,1,0.166666666666,2.0,0.0,0,2,8.0,0.0,1.0,1.58,0.0,0.6,11.18,1,0,0,1,0,0,2,0,0,0.0,2
2015,6,25,2,6	1,0,0.283333333333,4.0,9.4,0,4,11.0,0.0,2.0,0.0,0.0,1.2,14.2,0,3,0,1,0,0,4,0,0,0.0,4
2015,6,9,2,6	1,1,5.53333333334,10.0,1.33,0,7,20.5,0.0,3.5,0.0,0.0,2.1,26.1,0,4,3,0,0,0,7,0,0,0.0,7
2015,11,18,2,6	1,1,1.7,5.0,1.0,0,5,7.5,0.0,1.5,96.7,0.0,0.9,106.6,1,2,1,1,0,0,5,0,0,0.0,5
2015,11,14,2,6	1,0,6.11666666667,2.0,1.2,0,2,6.0,0.0,1.0,1.0,0.0,0.6,8.6,1,0,1,0,0,0,2,0,0,0.0,2
2015,11,10,2,6	1,0,74.7166666667,4.0,13.4,0,4,15.58,1.0,2.0,0.0,0.0,1.2,19.78,0,1,3,0,0,0,4,0,0,0.0,4
2015,1,28,2,6	1,0,0.583333333333,3.0,0.0,0,3,10.5,0.0,1.5,6.0,0.0,0.9,18.9,1,2,0,0,0,0,3,0,0,0.0,3
2015,1,24,2,6	1,0,0.25,2.0,2.0,0,2,5.0,0.0,1.0,0.0,0.0,0.6,6.6,0,2,0,0,0,0,2,0,0,0.0,2
2015,1,20,2,6	1,0,5.83333333333,7.0,2.9,0,4,11.0,0.0,2.0,0.0,0.0,1.2,14.2,0,4,0,0,0,0,4,0,0,0.0,4
2015,2,25,2,6	1,1,5.68333333333,7.0,0.6,0,5,12.5,0.0,2.5,0.0,0.0,1.5,16.5,0,2,2,1,0,0,5,0,0,0.0,5
2015,2,21,2,6	1,0,6.81666666667,7.0,2.6,0,6,643.26,0.0,3.0,4.0,0.0,1.8,652.06,1,2,3,0,0,0,6,0,0,0.0,6
2015,2,9,2,6	1,0,22.2666666667,7.0,5.2,0,5,12.5,0.0,2.5,66.3,0.0,1.5,88.13,2,1,2,0,0,0,5,0,0,5.33,5
2015,2,5,2,6	1,0,10.25,9.0,1.8,0,8,23.0,0.0,4.0,0.0,0.0,2.4,39.15,0,5,0,3,0,0,8,0,0,9.75,8
2015,6,5,2,6	1,0,0.4,4.0,2.5,0,4,12.0,0.0,2.0,0.0,0.0,1.2,15.2,0,3,1,0,0,0,4,0,0,0.0,4
2015,2,1,2,6	1,1,9.41666666667,4.0,2.4,1,3,13.0,0.0,2.0,5.71,0.0,1.2,21.91,3,0,1,0,0,0,4,0,0,0.0,4
2015,12,8,2,6	1,0,5.23333333333,6.0,1.7,0,6,100.56,0.0,3.0,0.0,0.0,1.8,115.86,0,2,0,4,0,0,6,0,0,10.5,6
2015,12,4,2,6	1,0,0.333333333334,4.0,0.0,0,4,10.0,0.0,2.0,36.7,0.0,1.2,49.9,1,2,1,0,0,0,4,0,0,0.0,4
2015,8,16,2,6	1,0,1.08333333333,7.0,7.3,0,7,23.5,0.0,3.5,0.0,0.0,2.1,29.1,0,4,3,0,0,0,7,0,0,0.0,7
2015,10,24,2,6	1,0,1.2,1.0,0.0,0,1,2.5,0.0,0.5,0.0,0.0,0.3,3.3,0,0,1,0,0,0,1,0,0,0.0,1
2015,12,15,2,6	1,0,80.1833333333,2.0,8.7,0,2,8.5,0.5,1.0,1.46,0.0,0.6,12.06,1,1,0,0,0,0,2,0,0,0.0,2
2015,10,20,2,6	1,1,64.7,3.0,10.8,1,2,50.34,0.0,0.0,14.04,0.0,0.3,70.22,1,1,1,0,0,0,3,0,0,5.54,3
2015,12,11,2,6	1,0,64.6166666667,8.0,7.9,0,8,709.84,0.0,4.0,7.86,0.0,2.4,724.1,1,3,4,0,0,0,8,0,0,0.0,8
2015,6,1,2,6	1,0,48.5333333333,5.0,28.7,0,4,62.5,0.0,2.0,0.0,0.0,1.2,71.24,0,3,1,0,0,0,4,0,0,5.54,4
2015,10,28,2,6	1,1,64.0666666667,8.0,7.45,0,8,26.0,0.0,4.0,0.0,0.0,2.4,32.4,0,5,3,0,0,0,8,0,0,0.0,8
2015,12,19,2,6	1,0,38.25,2.0,4.3,1,1,22.8,0.0,0.0,2.82,0.0,0.6,26.22,1,0,1,0,0,0,2,0,0,0.0,2
2015,9,20,2,6	1,0,1.4,5.0,23.6,1,4,12.5,0.0,2.5,0.0,0.0,1.5,16.5,0,2,3,0,0,0,5,0,0,0.0,5
2015,10,31,2,6	1,0,0.3,1.0,0.0,0,1,143.92,0.0,0.5,0.0,0.0,0.3,144.72,0,0,1,0,0,0,1,0,0,0.0,1
2015,9,17,2,6	1,0,2.03333333333,7.0,17.8,0,6,17.0,0.0,3.0,0.0,0.0,1.8,21.8,0,3,3,0,0,0,6,0,0,0.0,6
2015,8,3,2,6	1,0,0.5,3.0,9.0,0,3,8.5,0.0,1.5,0.0,0.0,0.9,10.9,0,1,2,0,0,0,3,0,0,0.0,3
2015,9,13,2,6	1,1,22.9166666666,9.0,16.26,0,8,18.0,0.5,3.0,1.71,0.0,1.8,25.01,2,4,1,1,0,0,8,0,0,0.0,8
2015,6,10,2,6	1,0,3.95,3.0,0.7,0,3,7.5,0.0,1.5,0.0,0.0,0.9,9.9,0,1,2,0,0,0,3,0,0,0.0,3
2015,6,14,2,6	1,0,25.4833333333,6.0,8.8,0,5,38.0,0.0,2.0,0.0,0.0,1.5,41.5,1,2,2,0,0,0,5,0,0,0.0,5
2015,6,18,2,6	1,0,0.116666666667,2.0,3.4,0,2,6.0,0.0,1.0,0.0,0.0,0.6,7.6,0,1,1,0,0,0,2,0,0,0.0,2
2015,1,6,2,6	1,0,1.16666666667,4.0,0.0,0,4,10.0,0.0,2.0,0.0,0.0,1.2,13.2,0,2,2,0,0,0,4,0,0,0.0,4
2015,8,27,2,6	1,0,1.4,8.0,17.5,0,8,24.0,0.0,4.0,0.0,0.0,2.4,30.4,0,3,4,1,0,0,8,0,0,0.0,8
2015,10,17,2,6	1,0,0.183333333333,1.0,0.0,0,1,0.0,0.0,0.0,0.0,0.0,0.0,0.0,0,1,0,0,0,0,1,0,0,0.0,1
2015,11,25,2,6	1,0,25.5833333333,6.0,2.2,0,3,11.0,0.0,1.5,0.0,0.0,0.9,13.4,0,1,2,0,0,0,3,0,0,0.0,3
2015,11,21,2,6	1,1,26.95,8.0,33.1,0,8,29.0,0.5,4.0,0.0,0.0,2.4,41.44,0,6,2,0,0,0,8,0,0,5.54,8
2015,11,29,2,6	1,0,17.6333333334,4.0,2.9,0,4,11.0,0.5,2.0,1.05,0.0,1.2,15.75,1,1,2,0,0,0,4,0,0,0.0,4
2015,2,18,2,6	1,0,64.2166666667,4.0,13.5,1,3,11.0,1.0,2.0,0.0,0.0,1.2,20.53,0,4,0,0,0,0,4,0,0,5.33,4
2015,2,14,2,6	1,0,54.1666666666,9.0,9.3,0,7,20.5,0.5,3.5,0.0,0.0,2.1,26.6,0,2,2,3,0,0,7,0,0,0.0,7
2015,2,10,2,6	1,0,34.2833333333,3.0,3.3,0,3,18.5,0.5,1.5,1.8,0.0,0.9,23.2,1,1,1,0,0,0,3,0,0,0.0,3
2015,5,2,2,6	1,1,1.06666666667,8.0,0.5,0,6,11.0,0.0,2.0,78.0,0.0,1.2,92.2,2,1,1,2,0,0,6,0,0,0.0,6
2015,8,30,2,6	1,0,0.166666666666,2.0,0.0,0,2,5.0,0.0,1.0,0.0,0.0,0.6,6.6,0,2,0,0,0,0,2,0,0,0.0,2
2015,5,6,2,6	1,0,35.2,6.0,2.5,0,5,15.5,0.0,2.5,0.0,0.0,1.5,19.5,0,3,2,0,0,0,5,0,0,0.0,5
2015,9,6,2,6	1,0,6.73333333333,4.0,1.7,0,4,10.0,0.0,2.0,0.0,0.0,1.2,13.2,0,2,2,0,0,0,4,0,0,0.0,4
2015,9,2,2,6	1,0,79.1,3.0,9.2,0,2,6.0,1.0,1.0,0.0,0.0,0.6,8.6,0,0,2,0,0,0,2,0,0,0.0,2
2015,4,12,2,6	1,0,33.6333333333,6.0,9.4,1,5,16.0,0.0,3.0,0.0,0.0,1.8,26.34,0,4,1,1,0,0,6,0,0,5.54,6
2015,4,16,2,6	1,1,43.0,4.0,4.8,0,3,9.5,0.5,1.5,0.0,0.0,0.9,12.4,0,1,2,0,0,0,3,0,0,0.0,3
2015,5,13,2,6	1,1,12.9666666667,7.0,2.4,0,7,21.5,0.0,3.5,0.0,0.0,2.1,32.64,1,3,3,0,0,0,7,0,0,5.54,7
2015,5,17,2,6	1,1,2.95,11.0,9.53,0,9,23.0,0.0,4.0,0.0,0.0,2.4,29.4,0,6,2,1,0,0,9,0,0,0.0,9
2015,4,27,2,6	1,0,1.36666666667,4.0,0.4,0,4,10.0,0.0,2.0,0.0,0.0,1.2,13.2,0,0,3,1,0,0,4,0,0,0.0,4
2015,12,26,2,6	1,0,0.35,3.0,9.7,0,3,10.5,0.0,1.5,0.0,0.0,0.9,12.9,0,0,2,1,0,0,3,0,0,0.0,3
2015,10,6,2,6	1,0,0.4,4.0,0.0,0,4,666.84,0.0,2.0,0.0,0.0,1.2,670.04,0,2,2,0,0,0,4,0,0,0.0,4
2015,12,22,2,6	1,0,0.55,3.0,1.2,0,3,7.5,0.0,1.5,0.0,0.0,0.9,9.9,0,0,2,1,0,0,3,0,0,0.0,3
2015,8,23,2,6	1,0,5.13333333334,3.0,2.0,0,3,8.5,0.0,1.5,0.0,0.0,0.9,10.9,0,1,2,0,0,0,3,0,0,0.0,3
2015,3,22,2,6	1,0,12.9833333333,8.0,4.3,1,7,22.38,0.0,4.0,0.0,0.0,2.4,28.78,0,2,4,2,0,0,8,0,0,0.0,8
2015,10,13,2,6	1,0,40.2333333333,6.0,4.3,0,5,67.56,0.0,2.0,5.12,0.0,1.5,76.18,1,1,3,0,0,0,5,0,0,0.0,5
2015,3,26,2,6	1,1,2.91666666667,10.0,0.9,0,10,26.0,0.0,4.0,0.0,0.0,3.0,32.4,1,7,2,0,0,0,10,0,0,0.0,10
2015,1,17,2,6	1,0,14.0333333333,8.0,6.2,1,6,25.97,0.0,3.5,0.0,0.0,2.1,31.57,0,2,4,1,0,0,7,0,0,0.0,7
2015,4,23,2,6	1,0,98.15,4.0,19.1,0,4,60.5,0.0,2.0,12.77,0.0,1.2,87.55,1,1,2,0,0,0,4,0,0,11.08,4
2015,1,13,2,6	1,0,25.6,8.0,3.2,1,7,36.3,0.0,4.0,3.26,0.0,2.4,45.96,1,5,2,0,0,0,8,0,0,0.0,8
2015,1,2,2,6	1,0,0.0166666666667,1.0,0.0,0,1,2.5,0.0,0.5,0.0,0.0,0.0,3.3,0,1,0,0,0,0,1,0,0,0.0,1
2015,9,28,2,6	1,0,9.43333333333,7.0,13.6,0,7,20.5,0.0,3.5,1.7,0.0,2.1,27.8,1,1,5,0,0,0,7,0,0,0.0,7
2015,9,24,2,6	1,1,7.2,5.0,7.4,0,5,16.0,0.0,2.5,0.0,0.0,1.5,20.0,0,5,0,0,0,0,5,0,0,0.0,5
2015,4,3,2,6	1,0,1.46666666667,2.0,5.0,0,2,6.0,0.0,1.0,0.0,0.0,0.6,7.6,0,1,1,0,0,0,2,0,0,0.0,2
2015,4,7,2,6	1,0,1.3,4.0,0.0,0,4,10.0,0.0,2.0,0.0,0.0,1.2,13.2,0,4,0,0,0,0,4,0,0,0.0,4
2015,7,22,2,6	1,0,0.916666666667,3.0,19.7,0,3,12.5,0.0,1.5,0.0,0.0,0.9,14.9,0,0,3,0,0,0,3,0,0,0.0,3
2015,7,26,2,6	1,1,1.71666666666,3.0,0.16,0,3,8.5,0.0,1.5,0.0,0.0,0.9,10.9,0,3,0,0,0,0,3,0,0,0.0,3
2015,3,19,2,6	1,0,3.4,3.0,0.1,0,3,8.5,0.0,1.5,0.0,0.0,0.9,10.9,0,3,0,0,0,0,3,0,0,0.0,3
2015,7,8,2,6	1,0,63.1833333333,7.0,11.7,0,6,15.0,0.5,3.0,4.16,0.0,1.8,24.46,2,3,1,0,0,0,6,0,0,0.0,6
2015,4,30,2,6	1,0,3.03333333333,10.0,2.2,0,7,18.0,0.0,3.0,0.0,0.0,1.8,22.8,0,4,2,1,0,0,7,0,0,0.0,7
2015,3,11,2,6	1,0,60.3,3.0,4.1,0,3,9.0,1.0,1.5,0.0,0.0,0.9,23.06,0,2,1,0,0,0,3,0,0,10.66,3
2015,10,2,2,6	1,1,0.683333333334,3.0,0.4,0,3,2.5,0.0,0.5,0.0,0.0,0.3,3.3,0,2,1,0,0,0,3,0,0,0.0,3
2015,3,15,2,6	1,0,10.1666666667,5.0,0.7,0,5,18.5,0.0,2.5,0.0,0.0,1.5,22.5,0,4,1,0,0,0,5,0,0,0.0,5
2015,7,4,2,6	1,0,0.4,3.0,12.0,0,3,8.5,0.0,1.5,50.0,0.0,0.9,60.9,1,0,2,0,0,0,3,0,0,0.0,3
2015,5,31,2,6	1,0,1.7,9.0,9.6,0,6,14.5,0.0,3.0,0.0,0.0,1.8,19.3,0,5,1,0,0,0,6,0,0,0.0,6
2015,7,19,2,6	1,0,48.1666666667,9.0,8.6,0,9,35.0,0.5,4.5,0.0,0.0,2.7,48.24,0,3,5,1,0,0,9,0,0,5.54,9
2015,7,15,2,6	1,0,0.0333333333333,2.0,0.0,0,2,5.0,0.5,1.0,0.0,0.0,0.6,7.1,0,2,0,0,0,0,2,0,0,0.0,2
2015,7,11,2,6	1,0,12.1833333334,9.0,4.5,2,8,28.0,0.0,5.0,0.0,0.0,3.0,36.0,0,2,8,0,0,0,10,0,0,0.0,10
