2015,8,6,2,1,0	0,6,5310,2,0,2124,1,1996,0,0,0,3,0,1,14158,0,3,0,1,0,2,3117,230,0,41,0,32,18,7,3,0,148,0,6790,190,481,4,0,11,0,1,16,0,1119,8,18,1748,4,108,30,2529,6,4,0,2,0,7201,112,28343,662,0,813,0,7,16,762,0,309,1,3,7,28,0,0,0,3027,6,0,0,261,0,3,1953,1042,26010,1,3741,7,1,641,11609,3524,0,0,0,3,0,450,9,92,208,10,44,0,5,13297,0,0,301,5428,0,1181,0,20,0,0,1,3,0,0,21,1,0,0,10,12886,506,0,1409
2015,8,5,2,1,0	0,3,10990,4,0,4155,2,3934,0,0,0,4,4,2,31809,1,5,0,5,0,1,8113,288,0,62,0,46,39,10,1,1,269,0,14723,304,889,7,0,18,1,5,22,1,3172,17,40,4227,10,184,46,5367,6,10,0,6,1,16112,294,70003,1342,0,1415,0,13,36,1305,0,577,6,4,8,48,0,1,0,6747,23,5,0,396,6,10,4091,1507,52715,7,9193,32,3,1068,26262,6932,3,0,0,2,0,1117,10,119,383,25,64,0,10,28465,0,0,583,11137,0,2205,1,44,1,1,1,7,0,0,20,8,0,0,26,24422,930,1,3775
2015,8,29,2,1,0	0,11,18915,2,0,3321,2,1721,0,0,0,6,1,13,28899,0,13,0,11,1,0,8231,388,1,126,0,44,55,20,2,0,352,0,11184,239,937,7,0,25,2,7,21,3,4016,33,56,2375,11,386,79,4180,10,9,0,10,1,21520,372,48614,1133,0,1767,0,17,65,2474,0,753,14,10,11,50,2,9,0,5874,13,8,0,451,6,8,3111,2324,36461,4,9456,27,10,1404,26232,13171,3,0,2,4,0,1534,26,160,420,38,197,0,3,23990,0,0,1064,13002,0,2067,0,47,2,4,3,14,0,1,34,13,0,1,39,20525,1103,0,1868
2015,8,28,2,1,0	1,4,13476,3,0,3635,6,2652,5,0,0,13,1,4,30276,0,5,1,1,0,1,7578,332,0,100,0,53,41,27,6,0,292,0,13073,282,851,4,0,18,3,7,48,2,3451,14,46,4175,6,227,57,4284,4,16,0,1,3,17531,262,57612,1256,0,1489,1,15,57,1687,0,594,9,5,6,35,0,4,0,5865,17,2,0,389,22,8,3429,1767,43431,1,9137,26,3,1135,26236,8848,3,0,7,2,0,1342,17,116,366,14,113,0,2,25592,1,0,705,11674,0,2005,0,34,5,11,2,10,0,1,18,4,0,0,35,22678,1037,1,3691
2015,8,23,2,1,0	0,8,14882,2,0,2667,5,1534,1,0,0,2,3,10,21234,1,11,0,5,1,2,6294,413,0,130,0,40,47,23,3,0,421,0,9774,253,1069,3,0,25,2,16,38,5,3287,39,54,4684,19,431,52,3996,9,6,0,8,5,16664,509,42181,1032,0,1695,0,14,36,2784,0,670,8,9,17,73,1,1,0,4722,19,2,0,429,2,30,2424,2207,29624,2,7382,42,11,1361,22080,11162,5,0,0,8,0,1337,34,122,394,37,255,0,4,21429,0,0,1423,11160,0,1950,1,49,6,3,3,11,0,1,19,9,0,1,38,22134,980,0,3919
2015,8,4,2,1,0	1,8,9652,1,0,3823,0,3760,1,1,0,4,1,0,29986,0,4,0,4,0,2,7455,273,1,104,0,32,31,16,3,0,316,0,14323,328,849,2,0,21,0,12,27,0,2803,19,55,4341,15,178,33,5398,5,1,0,4,1,15136,337,68660,1476,0,1484,0,14,27,1297,0,571,9,1,8,37,1,1,0,6366,14,4,0,414,6,10,3856,1462,50074,1,8493,23,6,1070,24635,6118,0,0,1,3,0,954,7,96,347,21,59,0,1,27309,0,0,564,12307,0,2109,1,45,1,3,3,9,0,0,22,6,0,0,29,24138,912,0,3857
2015,8,22,2,1,0	0,10,18295,2,0,3594,5,1858,0,1,0,7,3,9,28207,3,8,0,4,0,1,7937,425,0,155,1,46,36,26,3,0,467,0,10797,320,1230,10,0,29,3,16,25,6,4090,29,48,2363,29,427,76,4248,18,14,0,5,3,20863,500,47548,1039,0,1817,0,16,47,2828,0,729,14,7,20,71,0,1,0,6198,15,33,0,541,6,38,2950,2433,36742,6,9884,46,8,1669,25778,13185,4,1,1,4,0,1509,33,171,417,38,271,0,1,23880,0,0,1458,12812,0,2099,1,63,3,4,6,12,0,0,37,16,0,0,47,20205,1209,1,1756
2015,8,21,2,1,0	1,6,11176,2,0,3583,6,2783,1,0,0,9,4,5,28621,0,3,0,3,0,0,6611,289,0,90,0,33,25,18,3,0,256,0,12492,244,867,2,0,14,1,2,33,3,2641,16,32,4658,9,166,43,4196,7,9,0,1,22,14676,234,55626,1145,0,1396,0,15,31,1119,0,529,5,4,6,28,0,1,0,5181,9,3,0,340,4,10,3390,1524,44846,3,8251,29,5,1016,22945,6200,4,0,0,2,0,1028,11,100,311,24,52,0,0,25167,0,0,642,10232,0,2234,0,50,2,1,0,6,0,0,29,9,0,0,26,21626,1015,0,4187
2015,8,27,2,1,0	0,2,11111,0,0,3840,3,3071,0,0,0,23,3,3,30048,0,6,0,5,0,2,8019,320,0,86,0,26,31,20,3,0,319,0,13758,266,874,7,0,23,0,4,24,7,3129,27,23,4478,6,179,40,4364,6,7,0,6,0,15677,272,63271,1245,0,1262,0,7,32,1517,0,529,5,0,8,44,0,0,0,6370,17,0,0,374,1,6,3841,1510,45813,1,9446,27,4,1013,26119,7264,1,0,1,1,0,1118,18,107,304,23,84,0,3,26235,0,0,573,11078,0,1831,0,19,3,0,2,3,0,0,20,11,0,0,45,22851,797,1,4026
2015,8,1,2,1,0	0,10,19098,2,0,3892,3,2088,3,0,0,9,6,5,29990,1,8,0,10,1,1,8501,441,1,215,0,31,49,19,3,0,457,0,11526,316,977,15,0,27,7,8,22,8,3888,22,89,2773,13,545,66,5507,17,14,0,11,5,20126,396,53975,1539,0,2965,0,20,52,3095,0,910,5,8,20,70,0,5,0,5819,32,5,1,506,5,15,3367,2603,40042,22,9380,58,8,1491,28639,13512,4,0,1,9,0,1551,36,220,491,43,231,0,11,29455,0,0,1180,15261,0,2561,1,50,4,3,5,20,0,0,31,26,0,1,69,22461,1620,0,2174
2015,8,2,2,1,0	0,10,15632,1,0,3016,3,1731,0,0,0,3,4,9,23612,1,4,0,14,0,4,7176,440,0,142,0,50,46,22,4,0,378,0,10819,253,840,5,0,27,4,6,25,2,3358,53,51,5006,13,448,80,4899,13,10,0,7,5,16546,414,48352,1402,0,2422,0,11,44,2844,0,783,16,10,17,44,1,3,0,4909,17,4,1,432,7,10,2766,2418,32703,3,7488,51,13,1248,24787,11424,7,0,0,1,0,1674,36,177,529,43,316,0,12,25599,0,0,1084,14267,0,2162,3,34,4,5,9,18,0,0,31,12,0,1,42,24378,1328,0,4299
2015,8,3,2,1,0	0,6,8283,3,0,3732,1,3274,1,0,0,3,1,2,26239,0,5,0,4,1,1,7117,336,0,88,0,30,39,13,2,0,276,0,12951,243,746,1,0,18,2,2,27,3,2400,15,39,5175,25,172,37,4761,4,7,0,6,0,13501,205,62199,1390,0,1413,1,17,31,1089,0,589,4,7,11,34,1,3,0,5625,11,0,0,373,3,28,3305,1428,44820,0,8029,28,8,962,22406,5204,2,0,0,2,0,1014,12,102,330,22,61,0,1,25556,0,0,563,11743,0,2032,0,32,2,2,2,3,0,0,18,9,0,0,43,24166,912,0,4677
2015,8,16,2,1,0	0,7,8521,4,0,2811,1,1554,0,0,0,4,2,28,18450,0,6,0,6,0,1,5333,259,0,98,0,46,26,7,5,0,258,0,8875,212,743,6,0,15,1,11,27,3,2194,30,50,4547,13,228,27,4120,8,7,0,1,15,11702,217,38249,999,0,1636,0,20,33,1322,0,606,6,5,15,59,1,0,0,3953,17,19,0,353,7,11,2059,1451,28720,3,7095,26,5,796,17744,5677,5,0,0,2,0,1054,16,74,322,29,88,0,3,20839,0,0,667,11548,0,1969,2,32,4,2,8,10,0,1,34,14,0,0,34,20323,1048,0,4002
2015,8,17,2,1,0	0,12,7982,3,0,3417,3,3209,0,0,0,3,3,4,25155,2,14,0,2,0,0,6900,298,0,83,0,32,34,8,1,0,276,0,12455,237,785,5,0,13,0,5,33,20,2344,16,28,5060,8,168,46,4540,7,7,0,7,0,13155,225,58849,1132,0,1325,0,16,31,1156,0,590,4,4,10,23,0,3,0,5431,19,1,0,358,4,4,3198,1416,44339,0,8032,27,3,947,22205,5202,0,0,0,2,0,980,13,100,316,23,60,0,3,24013,0,0,563,12224,0,1925,0,34,3,1,2,8,0,0,21,8,0,0,29,22879,871,0,4499
2015,8,26,2,1,0	1,1,10008,0,0,3597,0,3122,0,0,1,4,4,1,28839,0,7,0,2,0,1,7750,269,0,93,0,31,44,15,0,0,319,0,13371,285,792,3,0,17,2,3,22,2,2881,8,32,4129,4,201,38,4482,11,4,0,6,0,15789,280,63091,1236,0,1186,0,8,30,1385,0,516,5,6,9,42,0,0,0,6106,9,5,0,376,6,12,3654,1488,45807,18,8601,20,5,1069,24312,6223,2,0,0,1,0,1100,13,83,273,23,76,0,1,25455,0,0,598,10017,0,1849,1,44,5,0,2,4,0,0,20,3,0,1,28,22475,810,0,3668
2015,8,25,2,1,0	1,13,9103,0,0,3640,1,3439,1,1,0,8,6,2,27352,0,5,0,4,0,4,7520,285,0,79,0,28,30,12,0,0,229,0,13382,260,753,3,0,17,2,1,22,3,2583,11,40,4278,7,150,33,4687,7,7,0,1,0,14570,246,62719,1087,0,1178,0,11,31,1185,0,499,4,5,8,26,0,1,0,5901,16,2,1,373,0,10,3583,1384,45899,5,8400,21,2,971,23095,5416,4,0,2,2,0,937,6,94,271,18,56,0,0,25066,0,0,545,9897,0,1888,1,31,1,3,0,3,0,0,14,8,0,0,17,22446,674,0,3819
2015,8,30,2,1,0	1,24,16175,1,0,2560,2,1577,0,0,0,5,4,5,24241,1,11,0,11,2,2,7156,363,1,131,0,44,45,24,3,0,366,0,10275,237,845,2,0,27,4,11,30,7,3622,40,67,4703,16,373,63,3903,16,10,0,5,1,18151,346,44564,1449,0,1736,0,9,41,2913,0,655,18,3,18,57,2,3,0,4938,20,5,0,466,7,8,2587,2226,31013,2,7211,44,4,1211,23683,11487,6,0,0,4,0,1548,35,113,455,30,235,0,1,22967,0,0,1058,12053,0,1898,2,47,5,3,5,16,0,3,35,10,0,0,24,22574,1087,1,4004
2015,8,24,2,1,0	0,7,7679,2,0,3204,2,2915,1,0,0,5,2,2,23664,0,8,0,3,0,1,6743,290,0,85,0,35,40,15,2,0,290,0,11921,233,788,4,0,14,5,7,18,4,2199,17,43,5046,13,175,32,4070,6,5,0,1,0,12813,284,54513,1264,0,1162,0,10,51,1097,1,597,5,3,15,25,1,1,0,5187,23,5,0,339,3,9,3056,1373,40878,4,7583,25,8,951,20407,4703,0,0,4,1,0,928,15,91,349,28,67,0,7,23904,0,0,638,9023,0,1781,0,35,2,2,0,7,0,0,21,9,0,0,18,22055,743,0,4562
2015,8,31,2,1,0	21,6,8492,2,0,2998,3,3185,0,0,0,8,2,2,25045,0,1,0,4,0,0,6683,334,0,113,0,24,41,12,1,0,252,0,12400,212,765,3,0,16,0,5,19,32,2295,13,36,5097,9,198,26,4126,6,1,0,3,1,13479,223,55188,1397,0,1141,0,7,101,987,0,558,2,5,17,30,0,2,0,5085,7,4,0,316,15,10,3041,1450,42319,1,7400,19,5,940,21032,4515,6,0,0,0,0,957,16,97,305,31,60,0,3,23376,0,0,543,8997,0,1918,3,42,4,0,0,7,0,0,28,8,0,0,27,21950,813,0,4582
2015,8,18,2,1,0	0,4,4851,2,0,2001,0,2160,0,0,0,11,5,3,14290,1,0,0,1,0,0,3317,249,0,49,0,13,28,6,1,0,145,0,7337,189,495,3,0,15,0,4,10,2,1037,8,17,2031,5,139,20,2712,4,5,0,2,1,7432,113,30530,637,0,863,0,5,18,710,0,338,3,2,5,19,0,0,0,3024,7,0,0,236,1,7,2094,1024,28106,0,3875,16,2,640,12096,2927,2,0,2,5,0,492,7,72,214,20,43,0,0,14038,0,0,359,6981,0,1312,0,19,3,0,2,5,0,0,12,2,0,0,18,14087,533,0,1727
2015,8,19,2,1,0	0,0,1188,0,0,81,0,44,0,0,0,1,1,0,1307,0,0,0,1,0,0,426,22,0,10,0,3,6,1,1,0,35,0,516,17,81,1,0,8,2,0,1,0,258,6,7,85,4,63,4,110,1,0,0,0,0,1322,55,2959,73,0,119,0,1,3,301,1,60,1,0,1,7,0,0,0,344,4,0,0,41,0,1,91,146,1088,1,339,3,1,105,1318,759,1,0,0,0,0,71,3,9,28,5,17,0,0,845,0,0,107,507,0,71,0,0,0,0,1,2,0,0,1,3,0,0,4,992,57,0,45
2015,8,6,2,2,0	0,0,52,0,0,29,0,12,0,0,0,0,0,0,133,0,0,0,0,0,0,26,1,0,1,0,2,1,0,0,0,1,0,113,0,0,0,0,0,0,0,37,0,6,0,0,5,0,0,2,34,0,0,0,0,0,56,0,484,8,0,11,0,0,6,0,0,3,0,0,0,0,0,0,0,20,0,0,0,1,0,3,18,9,215,0,69,0,0,18,92,19,0,0,0,0,0,5,0,5,0,0,1,0,0,136,0,0,1,51,0,12,0,0,0,0,0,0,0,0,4,0,0,0,0,114,4,0,2
2015,8,5,2,2,0	0,1,75,0,0,48,0,25,0,0,0,0,0,1,240,0,5,0,0,0,0,51,3,0,5,0,6,0,0,0,0,0,0,196,0,1,0,0,0,0,0,76,2,16,0,0,5,0,3,13,45,0,0,0,0,0,67,0,887,25,0,11,0,0,12,7,0,5,0,0,0,1,0,0,0,41,0,0,0,0,0,17,21,10,269,0,104,1,0,41,181,56,0,0,0,0,0,5,0,15,4,1,0,0,1,220,0,0,1,111,0,17,0,0,0,0,0,0,0,0,11,0,0,0,1,180,9,0,1
2015,8,29,2,2,0	0,0,91,0,0,38,0,18,0,0,0,0,0,0,198,0,0,0,0,0,0,47,6,0,3,0,5,1,1,0,0,0,0,175,1,4,1,0,2,0,0,96,0,19,0,0,9,0,1,7,37,0,0,0,0,0,90,1,741,17,0,22,0,0,17,10,0,2,0,0,0,0,0,1,0,27,0,0,0,4,0,14,29,10,302,0,84,2,0,45,160,51,0,0,0,0,0,7,0,11,6,0,0,0,0,223,0,0,3,139,0,21,0,0,0,0,0,0,0,0,7,0,0,0,1,174,11,0,3
2015,8,28,2,2,0	0,0,99,0,0,51,0,17,0,0,0,0,0,0,301,0,1,0,0,0,0,55,5,0,3,0,4,0,0,0,0,0,0,207,0,2,0,0,1,1,0,74,0,23,0,1,8,2,1,12,38,0,0,0,1,0,95,0,960,12,0,22,0,0,21,2,0,7,0,0,0,0,0,0,0,47,0,0,0,1,0,22,35,14,326,0,122,0,0,46,199,54,0,0,0,0,0,4,1,17,5,0,1,0,0,242,0,0,1,129,0,19,0,0,0,0,0,0,0,0,11,0,0,0,0,202,15,0,4
2015,8,23,2,2,0	0,0,115,0,0,40,0,24,0,0,0,1,1,0,247,0,8,0,0,0,0,59,3,0,3,0,8,1,0,0,0,0,0,217,2,4,0,0,1,0,0,63,0,18,0,0,6,0,1,17,53,0,0,0,0,0,122,1,950,23,0,28,0,0,15,9,0,13,0,1,0,0,0,0,0,42,0,0,0,0,0,18,33,5,323,0,130,1,0,42,203,62,0,0,0,0,0,9,0,13,6,0,0,0,0,253,0,0,3,138,0,23,0,0,0,0,0,0,0,0,11,0,0,0,0,181,17,0,5
2015,8,4,2,2,0	0,0,68,1,0,33,0,17,0,0,0,1,1,0,204,0,4,0,0,0,0,55,1,2,8,0,7,0,0,0,0,3,0,185,1,2,0,0,2,0,0,95,0,16,0,0,8,0,0,7,39,0,0,0,1,0,63,0,824,10,0,19,0,0,8,3,0,4,0,0,0,0,0,0,0,31,0,0,0,1,0,16,11,9,274,0,81,0,0,55,156,45,0,0,0,0,0,5,0,10,2,1,0,0,1,206,0,0,3,136,0,16,0,0,0,0,0,0,0,0,15,0,0,0,0,182,15,0,6
2015,8,22,2,2,0	0,0,80,0,0,38,0,24,0,0,0,0,0,1,192,0,5,0,1,0,0,47,2,0,0,0,9,0,0,0,0,3,0,140,2,3,0,0,2,0,0,79,0,12,2,0,6,2,2,8,46,0,0,0,0,0,70,0,770,18,0,21,0,0,10,1,0,5,0,0,1,0,0,0,0,35,0,0,0,0,0,11,32,14,326,0,97,1,0,43,149,52,1,0,0,0,0,5,0,16,4,0,0,0,0,263,0,0,2,144,0,21,0,0,0,0,0,0,0,0,8,0,0,0,0,187,11,0,1
2015,8,21,2,2,0	0,0,70,0,0,49,0,22,0,0,0,0,0,0,261,0,1,0,0,0,0,61,5,0,2,0,6,0,0,0,0,3,0,267,1,2,0,0,1,0,0,80,0,22,0,0,15,3,1,10,50,0,0,0,1,1,95,0,997,17,0,18,0,0,14,8,0,6,0,0,1,0,0,0,0,42,0,0,0,0,0,15,25,4,337,1,145,0,0,52,187,60,0,0,0,0,0,2,0,7,4,0,0,0,0,239,0,0,2,115,0,18,0,0,0,0,0,0,0,0,6,0,0,0,0,212,15,0,9
2015,8,27,2,2,0	0,0,68,0,0,36,0,21,0,0,0,0,0,0,243,0,2,0,0,0,0,64,3,0,4,0,5,0,1,0,0,1,0,182,0,1,0,0,1,0,0,69,0,17,0,0,5,1,0,10,40,0,0,0,0,0,93,0,940,13,0,18,0,0,12,4,0,5,0,0,1,1,0,0,0,36,1,0,0,3,0,13,27,15,305,0,116,0,0,49,174,54,0,0,0,0,0,4,0,15,10,0,0,0,1,231,0,0,2,126,0,21,0,1,0,0,0,0,0,0,8,0,0,0,1,226,9,0,1
2015,8,1,2,2,0	0,0,103,0,0,46,0,23,0,0,0,2,1,0,245,0,5,0,0,0,0,52,1,0,7,0,4,2,0,0,0,1,0,202,0,2,0,0,0,0,0,79,0,19,0,3,8,0,0,10,47,0,1,0,1,0,87,3,791,22,0,25,0,0,15,7,0,5,0,0,0,0,0,0,0,30,1,0,0,1,0,13,24,15,292,0,92,1,0,61,169,53,0,0,0,0,0,5,0,10,6,0,0,0,2,259,0,0,1,130,0,21,0,0,0,0,0,0,0,0,10,0,0,0,2,231,16,0,8
2015,8,2,2,2,0	0,0,85,0,0,45,0,19,0,0,0,0,0,0,248,0,3,0,1,0,0,61,2,0,3,0,4,0,0,0,0,1,0,204,1,3,0,0,4,0,0,79,0,15,1,1,9,0,2,18,48,0,0,0,0,0,102,0,868,23,0,25,0,0,10,5,0,3,0,0,0,0,0,0,0,41,1,0,0,0,0,18,34,11,311,0,119,1,0,73,195,55,1,0,0,0,0,9,0,20,7,1,0,0,0,253,0,0,4,126,0,16,0,0,0,0,0,0,0,0,10,0,0,0,0,204,17,0,4
2015,8,3,2,2,0	0,0,83,0,0,30,0,17,0,0,0,0,1,0,239,0,6,0,0,0,0,64,4,0,11,0,3,1,0,0,0,2,0,178,1,1,0,0,2,0,0,123,0,19,0,1,7,4,0,13,41,0,0,0,0,0,69,0,770,23,0,20,0,0,22,5,0,7,0,1,0,0,0,0,0,47,1,0,0,3,0,18,34,11,273,0,111,0,1,54,176,51,0,0,0,0,0,5,1,12,10,0,0,1,2,225,0,0,1,113,0,23,0,0,0,0,0,0,0,0,18,0,0,0,0,166,11,0,7
2015,8,16,2,2,0	0,0,105,0,0,48,0,20,0,0,0,0,0,0,258,0,0,0,0,0,0,58,3,0,4,0,6,0,0,0,0,2,0,208,1,2,0,0,1,0,0,71,0,12,1,0,6,0,0,11,57,0,0,0,1,0,97,0,838,19,0,26,0,0,14,3,0,13,0,0,0,0,0,0,0,34,0,0,0,1,0,14,21,4,301,0,127,0,0,58,172,58,0,0,0,0,0,7,0,10,3,0,0,0,3,249,0,0,6,130,0,20,0,0,0,0,0,0,0,0,9,0,0,0,0,195,8,0,6
2015,8,17,2,2,0	0,0,77,0,0,41,0,30,0,0,0,0,0,0,208,0,0,0,0,0,0,69,3,0,5,0,8,0,0,0,0,0,0,180,0,3,1,0,0,0,0,94,0,16,0,0,14,0,1,15,47,0,0,0,1,0,81,0,782,14,0,19,0,0,19,4,0,4,0,0,0,0,0,0,0,32,1,0,0,2,0,15,27,9,295,0,101,1,0,63,144,56,0,0,0,0,0,7,0,16,0,0,1,0,0,213,0,0,1,116,0,18,1,0,0,0,0,0,0,0,14,0,0,0,0,194,7,0,7
2015,8,26,2,2,0	0,0,85,0,0,27,0,29,0,0,0,0,0,0,201,0,2,0,0,0,0,57,2,0,2,0,10,0,0,0,0,0,0,170,0,4,0,0,1,0,1,75,0,12,0,1,6,3,1,8,38,0,0,0,1,0,72,0,863,14,0,10,0,0,14,6,0,6,0,0,1,0,0,0,0,37,0,0,0,0,0,11,28,12,300,1,110,0,0,45,163,50,0,0,0,0,0,9,0,15,7,1,0,0,0,212,0,0,1,97,0,13,0,0,0,0,0,0,0,0,14,0,0,0,0,199,11,0,3
2015,8,25,2,2,0	0,0,59,0,0,31,1,16,0,0,0,0,0,0,208,0,6,0,0,0,0,44,2,0,4,0,11,0,0,0,0,1,0,167,1,3,0,0,1,0,0,63,1,11,0,0,9,1,1,5,41,0,0,0,0,0,81,1,757,17,0,15,0,1,20,3,0,4,0,0,0,1,0,0,0,37,0,0,0,1,0,12,16,8,263,0,71,0,0,40,151,42,0,0,0,0,0,10,0,19,7,0,0,0,0,180,0,0,1,98,0,16,0,0,0,0,0,0,0,0,11,0,0,0,0,154,6,0,7
2015,8,30,2,2,0	0,0,111,0,0,38,0,18,0,0,0,0,0,0,246,0,6,0,0,0,0,84,1,0,6,0,9,3,0,0,0,1,0,202,1,3,0,0,0,0,0,92,2,21,0,1,9,1,1,8,44,0,0,0,0,0,114,0,899,23,0,28,0,0,18,9,0,7,0,0,0,0,0,0,0,46,1,0,0,1,0,19,31,9,317,0,130,1,2,56,178,75,0,0,0,0,0,13,0,17,7,0,0,0,0,253,0,0,2,147,0,21,0,0,0,0,0,0,0,0,8,0,0,0,0,191,11,0,3
2015,8,24,2,2,0	0,0,81,0,0,42,1,18,0,0,0,0,0,0,213,0,4,0,0,0,0,51,5,0,9,0,10,0,0,0,0,0,0,208,0,6,0,0,0,0,0,95,0,23,1,1,9,1,0,13,51,0,0,0,0,0,99,0,798,21,0,21,0,0,15,7,0,13,0,0,0,0,0,0,0,30,1,0,0,3,0,15,23,9,278,0,120,0,0,60,173,65,0,0,0,0,0,8,0,19,5,0,0,0,1,227,0,0,1,112,0,21,0,0,0,0,0,0,0,0,15,0,0,0,0,192,7,0,6
2015,8,31,2,2,0	0,0,98,0,0,50,0,18,0,0,0,0,1,0,263,0,5,0,0,0,0,75,1,0,7,0,6,0,2,0,0,0,0,189,2,6,0,0,0,0,0,87,0,18,0,0,6,0,1,15,46,0,0,0,0,0,100,0,799,14,0,13,0,0,24,3,0,6,0,0,1,0,0,2,0,30,0,0,0,2,0,21,31,7,282,0,104,0,0,68,185,43,0,0,0,0,0,8,0,14,8,0,0,0,0,225,0,0,1,122,0,21,0,0,0,0,0,0,0,0,15,0,0,0,0,171,10,0,2
2015,8,18,2,2,0	0,0,26,0,0,23,0,14,0,0,0,0,0,0,123,0,0,0,0,0,0,24,3,0,3,0,3,1,0,0,0,0,0,111,2,2,0,0,0,0,0,36,1,7,1,0,4,0,0,10,30,0,0,0,0,0,42,0,492,8,0,8,0,0,10,1,0,7,0,0,0,0,0,0,0,19,0,0,0,1,0,3,10,8,185,0,59,0,0,30,109,35,0,0,0,3,0,7,0,5,3,0,0,0,0,141,0,0,0,60,0,8,0,0,0,0,0,0,0,0,7,0,0,0,0,88,10,0,4
2015,8,19,2,2,0	0,0,0,0,0,0,0,0,0,0,0,0,0,0,0,0,0,0,0,0,0,0,0,0,0,0,0,0,0,0,0,0,0,0,0,0,0,0,0,0,0,0,0,0,0,0,0,0,0,3,0,0,0,0,0,0,4,0,4,0,0,1,0,0,2,0,0,0,0,0,0,0,0,0,0,0,0,0,0,0,0,0,0,0,2,0,0,0,0,1,1,0,0,0,0,0,0,2,0,1,1,0,0,0,0,0,0,0,0,0,0,0,0,0,0,0,0,0,0,0,0,0,0,0,0,2,1,0,1
2015,8,6,2,3,0	0,0,9,0,0,11,0,2,0,0,0,0,0,0,25,0,0,0,0,0,0,8,0,0,0,0,0,1,0,0,0,1,0,20,0,0,0,0,0,0,0,0,0,2,0,0,3,0,1,2,3,0,0,0,0,0,22,0,108,2,0,3,0,0,0,0,0,0,0,0,0,0,0,0,0,3,0,0,0,0,0,0,4,2,22,0,22,0,0,3,28,6,0,0,0,0,0,2,0,0,0,0,0,0,0,29,0,0,0,25,0,0,0,0,0,0,0,0,0,0,0,0,0,0,0,31,1,0,3
2015,8,5,2,3,0	0,0,14,0,0,14,0,1,0,0,0,0,0,0,35,0,0,0,0,0,0,20,1,0,1,0,0,0,0,0,0,0,0,22,0,3,0,0,0,0,0,1,0,4,0,0,0,0,0,0,3,0,0,0,0,0,15,0,175,6,0,2,0,0,0,1,0,0,0,1,0,0,0,0,0,10,0,0,0,0,0,0,5,1,25,0,32,0,0,2,39,5,0,0,0,0,0,1,0,0,0,0,0,0,0,36,0,0,1,40,0,2,0,0,0,0,0,0,0,0,0,0,0,0,0,39,1,0,0
2015,8,29,2,3,0	0,1,13,0,0,13,0,0,0,0,0,1,0,0,22,0,0,0,0,0,0,14,0,0,1,0,0,0,0,0,0,0,0,19,0,1,0,0,0,0,0,0,0,1,0,0,2,0,0,0,4,0,0,0,0,0,15,0,135,1,0,3,0,0,0,1,0,0,0,0,0,0,0,0,0,13,0,0,0,0,0,1,2,0,30,0,19,0,0,1,33,10,0,0,0,0,0,3,0,0,0,0,0,0,0,29,0,0,0,28,0,0,0,0,0,0,0,0,0,0,0,0,0,0,0,61,0,0,2
2015,8,26,2,3,0	0,0,9,0,0,14,0,2,0,0,0,0,0,0,31,0,1,0,0,0,0,17,4,0,0,0,0,0,0,0,0,0,0,26,0,0,0,0,0,0,0,1,0,0,0,0,3,1,0,0,6,0,0,0,0,0,13,0,179,2,0,0,0,0,0,0,0,1,0,0,0,0,0,0,0,17,0,0,0,2,0,0,4,1,20,0,43,0,0,3,38,8,0,0,0,0,0,1,0,1,0,0,0,0,0,35,0,0,0,24,0,0,0,0,0,0,0,0,0,0,0,0,0,0,0,36,2,0,3
2015,8,23,2,3,0	0,0,10,0,0,9,0,4,0,0,0,0,0,0,41,0,0,0,0,0,0,11,0,0,0,0,0,0,0,0,0,0,0,28,1,3,0,0,0,0,0,0,0,2,0,0,4,0,0,2,13,0,1,0,0,0,29,1,181,3,0,0,1,0,0,2,0,0,0,0,0,0,0,0,0,11,0,0,0,1,0,0,3,0,33,0,31,0,0,3,32,6,0,0,0,0,0,1,0,0,0,0,1,0,0,48,0,0,0,43,0,2,0,0,0,0,0,0,0,0,1,0,0,0,0,51,0,0,3
2015,8,4,2,3,0	0,0,13,0,0,12,0,1,0,0,0,0,0,0,27,0,0,0,0,0,0,12,2,0,0,0,0,0,0,0,0,1,0,31,0,2,0,0,0,0,0,1,0,3,0,0,2,0,0,0,5,0,0,0,0,0,9,1,158,1,0,1,0,0,0,0,0,0,0,0,0,1,0,0,0,16,0,0,0,1,0,0,4,0,24,0,17,0,0,3,48,7,0,0,0,0,0,1,0,0,0,1,0,0,0,42,0,0,0,40,0,4,0,0,0,0,0,0,0,0,1,0,0,0,0,37,0,0,1
2015,8,22,2,3,0	0,0,7,0,0,10,0,2,0,0,0,0,0,0,29,0,0,0,0,0,0,12,1,0,0,0,0,0,0,0,0,2,0,16,2,3,0,0,0,0,0,4,0,1,0,0,1,0,0,0,7,0,0,0,0,0,17,1,120,2,0,7,0,0,0,4,0,1,0,0,0,0,0,0,0,10,0,0,0,0,0,0,1,2,22,0,17,0,0,0,26,10,0,0,0,0,0,0,0,1,0,0,0,0,0,39,0,0,2,28,0,2,0,0,0,0,0,0,0,0,0,0,0,0,0,34,1,0,1
2015,8,21,2,3,0	0,0,12,0,0,20,0,3,0,0,0,0,0,0,56,0,0,0,0,0,0,30,2,0,0,0,0,1,0,0,0,2,0,32,0,0,0,0,0,0,0,1,0,6,0,0,10,0,0,1,8,0,0,0,0,0,34,0,192,3,0,3,0,0,0,1,0,0,0,0,1,0,0,0,0,20,0,0,0,1,0,0,3,1,35,0,34,0,0,2,36,7,0,0,0,0,0,2,0,1,0,1,0,0,0,39,0,0,1,44,0,1,0,0,0,0,0,0,0,0,0,0,0,0,0,60,0,0,9
2015,8,27,2,3,0	0,0,6,0,0,17,0,3,0,0,0,1,0,0,38,0,0,0,0,0,0,20,1,0,1,0,0,0,0,0,0,1,0,36,0,1,0,0,0,0,0,0,0,1,0,0,5,0,0,0,4,0,0,0,0,0,22,0,191,1,0,2,0,0,0,1,0,1,0,0,0,0,0,0,0,17,0,0,0,1,0,0,4,0,24,1,37,1,0,4,30,4,0,0,0,0,0,1,0,0,0,0,0,0,0,40,0,0,1,26,0,2,0,0,0,0,0,0,0,0,0,0,0,0,0,45,1,0,4
2015,8,1,2,3,0	0,0,19,0,0,15,0,1,0,0,0,0,0,0,28,0,0,0,0,0,0,14,0,0,0,0,1,0,0,0,0,0,0,34,0,1,0,0,0,0,0,4,0,4,0,1,3,0,0,0,10,0,0,0,0,0,21,0,123,2,0,3,0,0,0,2,0,0,0,0,0,0,0,0,0,8,0,0,0,1,0,1,2,2,30,0,23,0,0,1,38,10,0,0,0,0,0,2,0,0,0,0,1,0,1,45,0,0,1,22,0,5,0,0,0,0,0,0,0,0,0,0,0,0,0,63,0,0,1
2015,8,2,2,3,0	0,0,11,0,0,16,0,3,0,0,0,0,0,0,43,0,0,0,0,0,0,20,0,0,0,0,0,0,0,0,0,1,0,20,0,2,0,0,0,0,0,3,0,5,0,0,9,0,1,0,4,0,0,0,0,0,19,1,173,5,0,2,0,0,0,2,0,2,0,0,0,0,0,0,0,18,0,0,0,0,0,1,4,0,26,0,27,0,0,1,43,8,0,0,0,0,0,1,0,0,0,1,0,0,0,30,0,0,1,47,0,0,0,0,0,0,0,0,0,0,1,0,0,0,0,50,1,0,8
2015,8,3,2,3,0	0,0,13,0,0,13,0,4,0,0,0,1,1,0,33,0,0,0,0,0,0,16,6,0,1,0,0,0,0,0,0,2,0,22,2,0,0,0,0,0,0,2,0,3,0,1,3,0,0,0,4,0,1,0,0,0,22,0,190,3,0,0,0,0,0,0,0,1,0,0,0,0,0,0,0,17,0,0,0,1,0,0,1,1,26,0,30,0,0,3,42,10,0,0,0,0,0,0,0,0,1,0,0,0,0,29,0,0,1,27,0,1,0,0,0,0,0,0,0,0,0,0,0,0,0,30,0,0,1
2015,8,16,2,3,0	0,0,16,0,0,14,0,4,0,0,0,0,0,0,41,0,0,0,0,0,0,17,0,0,0,0,0,0,0,0,0,1,0,29,1,3,0,0,0,0,0,1,0,3,1,0,4,0,0,0,9,0,0,0,0,0,17,1,176,2,0,4,0,0,0,2,0,1,0,0,0,0,0,0,0,15,1,0,0,1,0,0,2,1,30,0,19,0,0,0,45,9,0,0,0,0,0,1,0,0,0,0,1,0,0,44,0,0,2,32,0,2,0,0,0,0,0,0,0,0,0,0,0,0,0,51,1,0,4
2015,8,17,2,3,0	0,0,12,0,0,17,0,2,0,0,0,0,0,0,35,0,0,0,0,0,0,13,2,0,1,0,0,0,0,0,0,0,0,23,1,1,0,0,0,0,0,1,0,2,0,0,9,0,0,0,2,0,0,0,0,0,27,0,139,0,0,2,0,0,0,1,0,0,0,0,0,0,0,0,0,14,0,0,0,1,0,0,4,1,21,0,26,0,0,3,28,12,0,0,0,0,0,2,0,0,1,0,0,0,0,37,0,0,3,32,0,2,0,0,0,0,0,0,0,0,0,0,0,0,0,52,1,0,5
2015,8,28,2,3,0	0,0,17,0,0,14,0,2,0,0,0,0,0,0,43,0,0,0,0,0,0,16,2,0,0,0,0,0,0,0,0,0,0,28,0,1,0,0,0,0,0,3,0,6,0,0,2,0,0,0,7,0,0,0,0,0,26,0,180,2,0,4,0,0,0,2,0,1,0,0,0,0,0,0,0,14,0,0,0,1,0,0,4,2,22,0,40,0,0,1,45,12,0,0,0,0,0,0,0,0,1,0,0,0,0,36,0,0,1,36,0,2,0,0,0,0,0,0,0,0,0,0,0,0,0,41,0,0,2
2015,8,25,2,3,0	0,0,9,0,0,11,0,3,0,0,0,0,0,0,37,0,0,0,0,0,0,16,4,0,0,0,0,0,0,0,0,1,0,24,1,3,0,0,0,0,0,0,0,2,0,0,2,0,0,0,5,0,0,0,0,0,14,0,152,3,0,2,0,0,2,1,0,3,0,0,0,0,0,0,0,11,0,0,0,3,0,0,2,0,23,0,15,0,0,5,31,4,0,0,0,0,0,2,0,0,0,0,0,0,0,21,0,0,0,16,0,0,0,0,0,0,0,0,0,0,0,0,0,0,0,43,0,0,1
2015,8,30,2,3,0	0,0,14,0,0,21,0,1,0,0,0,0,0,0,32,0,0,0,0,0,0,25,0,0,0,0,0,0,0,0,0,0,0,26,0,2,0,0,0,0,0,3,0,3,0,0,3,0,0,0,9,0,0,0,0,0,21,0,187,1,0,3,0,0,0,1,0,0,0,0,0,0,0,0,0,15,0,0,0,2,0,0,2,0,30,0,21,0,0,1,48,5,0,0,0,0,0,4,0,1,1,0,0,0,0,27,0,0,1,35,0,6,0,0,0,0,0,0,0,0,0,0,0,0,0,51,0,0,3
2015,8,24,2,3,0	0,0,12,0,0,10,0,1,0,0,0,0,0,0,33,0,0,0,0,0,0,15,4,0,1,0,0,0,0,0,0,0,0,19,0,3,0,0,0,0,0,1,0,4,0,0,0,0,0,1,4,0,0,0,0,0,16,1,123,5,0,1,0,0,0,4,0,3,0,0,0,0,0,0,0,16,0,0,0,0,0,1,2,3,21,0,25,0,0,1,45,13,0,0,0,0,0,1,0,0,3,0,0,0,0,37,0,0,1,29,0,2,0,0,0,0,0,0,0,0,0,0,0,0,0,38,0,0,0
2015,8,31,2,3,0	0,0,13,0,0,18,0,0,0,0,0,0,0,0,34,0,0,0,0,0,0,13,1,0,0,0,0,0,0,0,0,0,0,19,1,0,0,0,0,0,0,1,0,3,0,0,1,0,0,1,5,0,1,0,0,0,23,0,144,2,0,1,0,0,1,0,0,0,0,2,0,0,0,0,0,11,0,0,0,1,0,0,3,1,23,0,22,0,1,6,43,7,0,0,0,0,0,1,0,0,2,0,0,0,0,46,0,0,0,30,0,2,0,0,0,0,0,0,0,0,0,0,0,0,0,28,1,0,1
2015,8,18,2,3,0	0,0,6,0,0,10,0,1,0,0,0,0,0,0,17,0,0,0,0,0,0,5,0,0,0,0,0,0,0,0,0,0,0,14,1,0,0,0,0,0,0,0,0,1,0,0,1,0,0,0,9,0,0,0,0,0,9,0,128,0,0,1,0,0,0,1,0,1,0,0,0,0,0,0,0,10,0,0,0,1,0,0,1,0,18,0,18,0,0,1,20,4,0,0,0,0,0,0,0,0,0,0,0,0,0,20,0,0,0,17,0,1,0,0,0,0,0,0,0,0,0,0,0,0,0,31,1,0,1
2015,8,19,2,3,0	0,0,0,0,0,0,0,0,0,0,0,0,0,0,0,0,0,0,0,0,0,3,0,0,0,0,0,0,0,0,0,0,0,0,0,0,0,0,0,0,0,0,0,0,0,0,0,0,0,0,0,0,0,0,0,0,0,0,2,0,0,0,0,0,0,0,0,0,0,0,0,0,0,0,0,0,0,0,0,0,0,0,0,0,1,0,0,0,0,0,0,0,0,0,0,0,0,0,0,0,0,0,0,0,0,0,0,0,0,1,0,0,0,0,0,0,0,0,0,0,0,0,0,0,0,0,0,0,0
2015,8,6,2,4,0	0,0,0,0,0,0,0,0,0,0,0,0,0,0,2,0,0,0,0,0,0,0,0,0,0,0,0,0,0,0,0,0,0,2,0,0,0,0,0,0,0,0,0,0,0,0,0,0,0,0,0,0,0,0,0,0,0,0,8,0,0,0,0,0,0,0,0,0,0,0,0,0,0,0,0,0,0,0,0,0,0,1,0,0,6,0,0,0,0,0,0,1,0,0,0,0,0,0,0,0,0,0,0,0,0,1,0,0,0,1,0,0,0,0,0,0,0,0,0,0,0,0,0,0,0,3,0,0,0
2015,8,5,2,4,0	0,0,0,0,0,1,1,0,0,0,0,0,0,0,1,0,0,0,0,0,0,2,0,0,0,0,0,0,0,0,0,0,0,3,0,0,0,0,0,0,0,0,0,0,0,0,13,0,0,0,0,0,0,0,0,0,0,1,13,0,0,0,0,0,0,0,0,1,0,0,0,0,0,0,0,2,0,0,0,0,0,0,2,0,8,0,0,0,0,0,2,0,0,0,0,0,0,0,0,0,0,0,0,0,0,2,0,0,0,1,0,0,0,1,0,0,1,0,0,0,0,0,0,0,0,4,0,0,10
2015,8,29,2,4,0	0,0,6,0,0,2,0,0,0,0,0,0,1,0,2,0,0,0,1,0,0,1,1,0,0,0,0,0,0,0,0,0,0,0,0,0,0,0,1,0,0,0,0,1,0,0,7,0,0,0,1,0,0,0,0,0,1,0,11,0,0,0,0,0,0,0,0,1,0,0,0,0,0,0,0,1,0,0,0,0,0,0,1,1,4,0,1,0,0,0,4,3,0,0,0,0,0,0,0,0,1,0,0,0,0,1,0,0,0,1,0,0,0,0,1,0,0,0,0,0,0,0,0,0,0,2,0,0,6
2015,8,28,2,4,0	0,0,0,0,0,0,0,0,0,0,0,0,0,0,3,0,0,0,0,0,0,1,0,0,0,0,0,0,0,0,0,0,0,1,0,0,0,0,0,0,0,1,0,1,0,0,6,0,0,0,0,0,0,0,0,0,2,0,7,1,0,2,0,0,0,0,0,0,0,0,0,0,0,0,0,1,0,0,0,0,0,0,0,0,7,0,4,0,0,0,2,0,0,0,0,0,0,0,0,0,0,0,0,0,0,1,0,0,0,1,0,0,0,0,0,0,0,0,0,0,0,0,0,0,0,4,1,0,5
2015,8,23,2,4,0	0,0,2,1,0,1,0,0,0,0,0,0,0,0,1,0,0,0,0,0,0,0,1,0,1,0,0,1,0,1,0,0,0,2,0,0,0,0,0,0,0,1,1,0,0,0,8,0,0,0,1,0,0,0,0,0,2,0,6,0,0,2,0,0,0,1,0,0,0,0,0,0,0,0,0,0,0,0,0,0,0,1,1,1,2,0,0,0,0,0,2,1,0,0,0,0,0,0,0,0,0,0,0,0,1,1,0,0,0,1,0,0,0,0,0,0,1,0,0,0,0,0,0,0,0,4,0,0,7
2015,8,4,2,4,0	0,0,1,0,0,0,0,0,0,0,0,0,0,0,3,0,0,0,0,0,0,1,0,0,0,0,0,0,0,0,0,0,0,2,0,0,0,0,0,0,0,0,0,0,0,0,8,0,0,0,2,0,1,0,0,0,1,0,9,0,0,0,0,0,0,0,0,0,0,0,0,0,0,0,0,2,0,0,0,0,0,0,0,0,3,0,2,0,0,0,0,0,0,0,0,0,0,0,0,1,1,0,0,0,0,2,0,0,1,1,0,0,0,0,0,0,0,0,0,0,0,0,0,0,0,1,0,0,6
2015,8,22,2,4,0	0,0,4,0,0,0,0,1,0,0,0,0,0,0,3,0,0,0,0,0,0,0,0,0,0,0,0,0,0,0,0,0,0,3,1,1,0,0,0,0,0,0,0,0,0,0,11,0,0,0,0,0,0,0,0,0,4,1,7,0,0,1,0,0,1,0,0,0,0,0,0,0,0,0,0,0,0,0,0,0,0,1,0,0,4,0,0,0,0,0,1,1,0,0,0,0,0,0,0,0,1,0,0,0,0,1,0,0,1,0,0,0,0,0,0,0,0,0,0,0,0,1,0,0,0,5,1,0,9
2015,8,21,2,4,0	0,0,2,0,0,0,0,1,0,0,0,0,0,0,4,0,0,0,0,0,0,1,0,0,0,0,0,0,0,0,0,0,0,1,0,0,0,0,0,0,0,0,1,2,0,0,15,0,0,0,0,0,0,0,0,0,2,0,8,1,0,0,0,0,1,0,0,0,0,0,0,0,0,0,0,1,0,0,0,0,0,1,0,1,2,0,0,0,0,0,1,0,0,0,0,0,0,0,0,0,0,0,0,0,0,3,0,0,0,1,0,0,0,0,0,1,0,0,0,0,0,0,0,0,0,1,0,0,15
2015,8,27,2,4,0	0,0,1,0,0,0,0,0,0,0,0,0,0,0,2,0,0,0,0,0,0,1,0,0,0,0,1,0,0,0,0,0,0,2,0,0,0,0,0,0,0,0,0,0,0,0,17,0,0,0,0,0,0,0,0,0,1,0,7,0,0,0,0,0,0,0,0,1,0,0,0,0,0,0,0,1,0,0,0,0,0,0,0,0,0,0,2,0,0,0,1,0,0,0,0,0,0,0,0,0,0,0,0,0,0,3,0,0,0,3,0,0,0,0,1,0,0,0,0,0,0,0,0,0,0,2,0,0,14
2015,8,1,2,4,0	0,0,0,0,0,0,0,0,0,0,0,0,0,0,7,0,0,0,0,0,1,0,0,0,0,0,0,0,0,1,0,0,0,1,0,0,0,0,0,0,0,0,0,0,0,0,3,0,1,0,0,0,0,0,0,0,2,0,11,1,0,0,0,0,0,1,0,0,0,0,0,0,0,0,0,1,0,0,0,0,0,0,2,2,6,0,0,0,0,0,3,1,0,0,0,0,0,0,0,0,1,0,0,0,0,3,0,0,0,2,0,0,0,0,0,0,0,0,0,0,0,0,0,0,0,8,0,0,3
2015,8,2,2,4,0	0,0,2,0,0,1,0,0,0,0,0,0,0,0,1,0,0,0,0,0,0,0,0,0,0,0,0,0,0,0,0,0,0,1,0,0,1,0,0,0,0,0,0,0,0,0,7,0,0,0,0,0,0,0,0,0,1,0,8,0,0,0,0,0,0,0,0,0,0,0,0,0,0,0,0,0,0,0,0,0,0,0,0,1,5,0,1,0,0,2,2,2,0,0,0,0,0,0,0,0,1,0,0,0,1,4,0,0,0,2,0,0,0,0,0,0,0,0,0,0,0,0,0,0,0,2,1,0,6
2015,8,3,2,4,0	0,0,1,0,0,0,0,0,0,0,0,0,0,0,0,0,0,0,0,0,0,1,0,0,0,0,0,0,0,0,0,0,0,2,0,0,0,0,0,0,0,1,0,0,0,0,11,0,0,0,0,0,0,0,0,0,0,0,15,0,0,0,0,0,0,0,0,0,0,0,0,0,0,0,0,1,0,0,0,0,0,0,1,0,9,0,2,0,0,0,2,0,0,0,0,0,0,0,0,0,0,0,0,0,0,2,0,0,0,1,0,0,0,0,0,0,0,0,0,0,0,0,0,0,0,2,0,0,11
2015,8,16,2,4,0	0,0,0,0,0,1,0,0,0,0,0,0,0,0,0,0,0,0,0,0,0,0,0,0,0,0,0,0,0,0,0,0,0,1,0,0,0,0,0,0,0,0,0,0,0,0,9,0,0,0,0,0,0,0,0,1,0,0,6,0,0,0,0,0,1,0,0,0,0,0,0,1,0,1,0,0,0,0,0,0,0,0,0,0,2,0,0,0,0,0,0,0,0,0,0,0,0,0,0,0,0,0,0,0,0,2,0,0,0,0,0,1,0,0,0,0,0,0,0,0,0,0,0,0,0,0,1,0,9
2015,8,17,2,4,0	0,0,0,0,0,0,0,0,0,0,0,0,0,0,2,0,0,0,0,0,0,0,0,0,0,0,0,0,0,0,0,0,0,2,0,0,0,0,0,0,0,0,0,0,0,0,12,0,0,0,0,0,0,0,0,0,1,0,8,0,0,0,0,0,0,0,0,0,0,0,0,0,0,0,0,0,0,0,0,0,0,0,0,0,2,0,1,0,0,0,3,1,0,0,0,0,0,0,0,0,0,0,0,0,0,2,0,0,0,3,0,0,0,0,0,0,0,0,0,0,0,0,0,0,0,4,0,0,9
2015,8,26,2,4,0	0,0,0,0,0,0,0,0,0,0,0,0,0,0,1,0,0,0,0,0,0,1,0,0,0,0,0,0,0,0,0,0,0,1,0,0,0,0,0,0,0,0,0,0,0,0,13,0,0,0,0,0,0,0,0,0,1,0,7,0,0,0,0,0,0,1,0,0,0,0,0,0,0,0,0,1,0,0,0,0,0,0,1,0,1,0,2,0,0,1,0,1,0,0,0,0,0,0,0,0,0,0,0,0,0,0,0,0,0,3,0,0,0,0,0,0,0,0,0,0,0,0,0,0,0,4,0,0,12
2015,8,25,2,4,0	0,0,0,0,0,0,0,1,0,0,0,0,0,0,5,0,0,0,0,0,0,0,0,0,0,0,0,0,0,0,0,0,0,0,0,0,0,0,0,0,0,0,1,0,0,0,10,0,0,0,1,0,0,0,0,0,0,0,10,0,0,0,0,0,1,0,0,0,0,0,0,0,0,1,0,1,0,0,0,1,0,0,1,0,6,0,3,0,0,0,2,0,1,0,0,0,0,0,0,0,0,0,0,0,0,0,0,0,0,4,0,0,0,0,0,0,0,0,0,0,0,1,0,0,0,2,0,0,9
2015,8,30,2,4,0	0,0,2,0,0,0,0,0,0,0,0,0,0,0,1,0,0,0,0,0,0,0,0,0,0,0,0,0,0,0,0,0,0,1,0,0,0,0,0,0,0,0,0,0,0,0,13,0,0,0,1,0,0,0,0,0,3,0,13,0,0,0,0,0,0,0,0,0,0,0,0,0,0,0,0,0,0,0,0,0,0,0,0,0,3,0,2,0,0,0,5,6,0,0,0,0,0,0,0,0,2,0,0,0,0,2,0,0,0,4,0,0,0,0,0,0,1,0,0,0,0,0,0,0,0,4,0,0,11
2015,8,24,2,4,0	0,0,0,0,0,0,0,1,0,0,0,0,0,0,1,0,0,0,0,0,0,0,1,0,0,0,0,0,0,0,0,0,0,0,0,0,0,0,0,0,0,0,0,0,0,0,23,0,0,0,0,0,0,0,0,0,1,0,5,0,0,0,0,0,0,1,0,0,0,0,0,0,0,0,0,0,0,0,0,0,0,1,1,0,5,0,1,0,0,0,3,0,0,0,0,0,0,0,0,0,0,0,0,0,0,2,0,0,0,2,0,0,0,0,0,0,0,0,0,0,0,0,0,0,0,2,0,0,20
2015,8,31,2,4,0	0,0,1,1,0,0,0,0,0,0,0,0,0,0,2,0,0,0,0,0,0,1,0,0,0,0,0,0,0,0,0,0,0,2,0,0,0,0,0,0,0,0,0,0,0,0,14,0,0,0,1,0,0,0,0,0,3,0,11,0,0,0,0,0,0,0,0,0,0,0,0,0,0,0,0,0,0,0,0,0,0,0,2,0,2,0,2,0,1,0,2,0,0,0,0,0,0,1,0,0,0,0,0,0,0,3,0,0,0,1,0,0,1,0,0,0,0,0,0,0,0,0,0,0,0,3,0,0,11
2015,8,18,2,4,0	0,0,0,0,0,0,0,0,0,0,0,0,0,0,0,0,0,0,0,0,0,0,0,0,0,0,0,0,0,0,0,0,0,1,0,0,0,0,0,0,0,0,0,0,0,0,4,0,0,0,1,0,0,0,0,0,0,0,0,0,0,0,0,0,0,0,0,0,1,0,0,0,0,0,0,0,0,0,0,0,0,1,1,0,3,0,2,0,1,0,0,0,0,0,0,0,0,0,0,0,0,0,0,0,0,1,0,0,1,0,0,0,0,0,0,0,0,0,0,0,0,0,0,0,0,4,0,0,3
2015,8,19,2,4,0	0,0,0,0,0,0,0,0,0,0,0,0,0,0,1,0,0,0,0,0,0,0,0,0,0,0,0,0,0,0,0,0,0,0,0,0,0,0,0,0,0,0,0,0,0,0,1,0,0,0,0,0,0,0,0,0,0,0,0,0,0,0,0,0,0,0,0,0,0,0,0,0,0,0,0,0,0,0,0,0,0,0,0,0,0,0,0,0,0,1,0,0,0,0,0,0,0,0,0,0,0,0,0,0,0,0,0,0,0,0,0,0,0,0,0,0,0,0,0,0,0,0,0,0,0,0,0,0,1
2015,8,6,2,5,0	0,1,4,0,0,4,1,0,0,0,0,3,0,0,21,0,0,0,0,0,0,10,5,0,1,0,2,3,0,0,0,0,0,11,1,0,0,0,2,0,0,5,2,1,1,0,8,4,1,0,0,0,0,0,0,0,11,1,59,2,0,4,0,0,2,3,0,0,2,0,0,0,0,0,0,6,0,0,0,0,0,0,0,10,7,0,7,0,1,3,26,3,0,0,0,0,0,1,2,4,0,0,1,0,0,10,0,0,0,21,0,3,0,2,0,0,0,0,0,0,0,1,0,0,0,29,2,0,4
2015,8,5,2,5,0	0,0,16,0,0,10,3,0,0,1,0,1,0,1,36,0,1,0,1,0,0,19,4,0,2,0,3,4,1,0,0,0,0,26,0,3,0,0,2,0,0,8,2,1,0,4,34,2,8,2,7,0,0,0,0,0,14,2,119,4,0,5,0,2,1,1,0,1,0,1,1,0,0,0,0,15,1,0,0,3,1,2,2,8,31,0,21,1,0,5,49,19,0,0,0,0,0,1,0,4,2,2,0,1,0,22,0,0,8,55,0,3,1,2,0,1,0,0,0,0,2,3,0,0,2,48,1,0,15
2015,8,29,2,5,0	0,0,25,0,0,8,1,0,0,0,0,1,0,1,32,0,0,0,0,1,0,22,2,0,2,0,1,3,1,0,0,0,0,25,1,2,0,0,0,0,0,6,0,10,0,2,13,1,8,0,7,0,0,0,0,0,42,1,85,2,0,13,0,1,3,8,0,2,0,0,0,0,0,0,0,14,3,0,0,0,1,1,3,11,28,0,21,0,1,12,52,24,1,0,0,0,0,1,0,4,8,6,2,0,4,25,0,0,7,58,0,4,0,0,0,0,1,0,0,0,0,1,0,0,0,54,3,2,7
2015,8,28,2,5,0	0,0,17,0,0,4,0,1,0,0,0,4,0,0,45,0,0,0,1,0,0,14,5,0,1,0,0,5,2,0,0,0,0,25,0,0,0,0,1,0,1,9,0,1,0,1,35,3,2,1,5,0,0,0,0,0,22,2,85,1,0,3,0,0,1,6,0,7,0,0,2,0,0,0,0,14,2,0,0,0,0,2,3,8,38,0,24,1,0,8,46,23,0,1,0,0,0,1,2,4,3,8,1,0,3,20,0,0,7,58,0,5,0,2,0,0,0,0,0,0,3,0,0,1,1,41,0,0,23
2015,8,23,2,5,0	0,0,17,0,0,3,2,2,0,0,0,0,0,1,35,0,0,0,1,0,0,25,7,0,2,0,0,7,1,1,0,1,0,21,0,3,0,0,0,0,0,14,0,7,1,1,35,2,3,0,3,0,0,0,0,1,37,2,84,1,0,9,1,0,3,11,0,6,0,1,2,1,0,0,0,13,7,0,0,1,0,1,6,13,25,0,23,2,1,8,40,18,0,0,0,0,0,1,1,2,2,4,4,1,1,19,0,0,3,51,0,3,1,0,0,0,0,1,0,0,6,1,0,0,2,44,3,0,19
2015,8,4,2,5,0	0,0,10,0,0,6,0,2,0,0,0,2,1,0,25,0,0,0,0,0,0,22,1,0,0,0,3,2,0,0,0,0,0,27,1,0,0,0,0,0,0,12,3,3,0,0,36,1,0,0,4,1,0,1,0,0,10,1,107,3,0,4,0,0,4,3,0,0,1,0,0,0,0,0,0,13,1,0,0,0,0,0,1,7,20,0,17,0,0,10,40,8,2,0,0,0,0,10,2,3,1,1,1,0,5,23,0,0,1,41,0,3,0,2,0,0,0,1,0,0,1,0,0,1,1,36,3,1,16
2015,8,22,2,5,0	0,1,20,0,0,12,0,0,0,0,0,2,0,0,36,0,0,0,1,1,0,25,5,0,0,0,1,3,0,0,0,3,0,24,0,1,1,0,1,0,1,5,8,5,1,3,18,3,6,0,3,0,1,0,0,0,34,5,87,1,0,10,0,1,3,9,0,6,3,3,2,0,0,1,0,25,3,0,0,0,0,4,2,16,28,1,31,0,0,9,54,26,0,0,0,1,0,3,1,1,7,1,3,0,0,26,0,0,5,59,0,3,0,0,0,0,1,0,0,0,3,1,0,0,0,50,3,1,5
2015,8,21,2,5,0	0,0,13,2,0,5,0,0,0,0,0,0,0,0,21,0,0,0,0,1,0,16,5,0,0,0,4,0,0,0,0,0,0,19,0,1,0,0,0,0,0,9,1,5,0,3,54,4,5,0,2,0,0,0,0,0,20,2,70,3,0,6,0,1,3,4,0,0,0,2,2,1,0,0,0,9,5,0,0,1,0,4,3,4,14,0,15,0,2,7,29,7,0,0,1,0,0,3,0,3,5,3,0,0,1,16,0,0,4,36,0,2,0,0,3,0,0,0,0,0,0,3,0,1,1,44,3,2,31
2015,8,27,2,5,0	0,0,5,1,0,10,0,2,0,0,0,2,0,0,42,0,1,0,3,0,0,16,2,0,3,0,2,2,2,0,0,2,0,26,0,0,0,0,0,0,0,5,0,1,0,2,27,1,5,3,3,0,1,0,0,1,23,4,133,3,0,7,1,2,2,5,0,2,0,0,1,0,0,0,0,30,2,0,0,0,0,3,1,11,42,0,29,3,0,18,49,10,0,0,1,0,0,1,2,3,3,1,7,0,1,27,0,0,6,57,0,2,0,1,1,1,0,0,0,0,1,0,0,0,0,53,0,0,11
2015,8,1,2,5,0	0,0,22,1,0,8,0,3,0,1,0,2,0,0,44,0,2,0,0,0,0,23,3,0,2,0,0,2,1,0,0,1,0,24,2,2,0,0,2,0,1,9,2,7,0,0,13,3,4,1,3,0,2,0,0,0,32,3,89,2,0,17,0,0,7,6,0,2,0,0,0,0,0,0,0,9,0,0,0,1,1,2,6,12,37,0,18,0,1,10,49,16,1,1,0,0,0,3,0,7,9,3,2,0,8,39,0,0,7,67,0,4,1,0,0,0,3,1,0,1,0,0,0,1,0,67,7,0,7
2015,8,2,2,5,0	0,0,19,0,0,5,0,0,0,0,0,5,0,0,28,0,0,0,1,0,0,31,4,0,1,0,3,2,0,2,0,0,0,15,0,0,0,0,4,0,1,12,2,7,2,3,32,1,3,0,4,0,0,0,0,0,19,2,77,3,0,7,0,0,4,4,0,3,0,0,1,0,0,2,0,13,2,0,0,0,0,1,7,10,34,1,17,3,0,14,55,22,3,0,0,0,0,1,0,4,4,3,4,0,2,24,0,0,4,59,0,7,0,0,0,0,2,2,0,0,0,0,0,0,1,53,2,0,14
2015,8,3,2,5,0	0,0,7,0,0,8,1,0,0,0,0,2,0,0,28,0,0,0,0,0,0,18,7,0,6,0,0,0,1,0,0,1,0,23,0,0,0,0,1,0,0,13,1,5,0,1,38,1,4,1,3,0,0,0,0,0,11,3,85,4,0,7,0,0,9,4,1,0,1,1,1,0,0,0,0,12,0,0,0,1,0,4,2,10,25,0,14,1,0,10,30,10,0,0,0,0,0,2,0,7,4,3,2,0,2,16,0,0,5,39,0,4,0,1,0,0,0,0,0,0,1,2,0,0,1,30,1,0,17
2015,8,16,2,5,0	0,1,6,1,0,7,0,1,0,0,0,0,0,1,24,0,1,0,0,0,0,9,7,0,2,0,0,2,1,0,0,1,0,15,1,2,0,0,2,1,0,9,0,0,0,0,32,0,0,0,5,0,0,0,2,0,10,4,40,1,0,3,0,0,3,1,0,4,0,0,1,0,0,0,0,10,3,0,0,3,1,3,0,8,18,0,10,0,0,7,22,9,0,0,0,0,0,2,0,4,5,2,0,0,3,12,0,0,3,41,0,1,2,0,0,0,0,0,0,0,2,1,0,0,1,29,4,0,20
2015,8,17,2,5,0	0,0,6,0,0,5,0,0,0,0,0,2,0,0,17,0,2,0,0,0,0,8,5,0,3,0,1,5,0,0,0,1,0,18,1,1,0,0,1,0,0,9,3,0,0,0,36,0,5,1,5,0,1,0,0,0,14,0,76,0,0,3,0,0,5,2,0,2,0,0,1,0,0,2,0,9,0,0,0,1,0,3,2,7,24,2,19,0,2,14,31,6,0,0,0,0,0,2,0,1,5,5,2,0,2,18,0,0,4,43,0,3,0,1,0,1,0,1,0,0,1,1,0,0,1,38,2,0,16
2015,8,26,2,5,0	0,0,9,1,0,12,0,2,0,0,0,1,0,0,42,0,0,0,0,0,0,14,8,0,1,0,0,3,0,0,0,1,0,30,0,0,1,0,0,0,0,11,0,4,0,0,29,0,11,4,4,0,0,0,0,0,17,2,121,1,0,10,0,0,0,1,1,2,0,0,2,0,0,0,0,16,0,0,0,0,0,3,3,5,27,0,16,1,0,9,38,8,0,0,0,0,0,3,0,0,3,2,1,0,1,22,0,0,1,43,0,3,0,2,0,1,0,0,0,0,0,0,0,0,0,44,1,0,13
2015,8,25,2,5,0	0,0,7,0,0,11,0,2,0,0,0,0,0,0,26,0,0,0,0,0,0,19,1,0,0,0,0,1,1,0,0,1,0,13,1,2,0,0,3,0,0,10,1,2,0,0,33,0,6,1,3,0,0,0,1,0,17,3,102,1,0,4,0,0,6,6,0,3,0,0,4,0,0,0,0,16,2,0,0,1,0,3,2,8,30,0,19,0,0,7,40,8,1,0,1,0,0,0,0,4,5,7,1,0,1,11,0,0,2,36,0,4,0,0,0,0,0,0,0,0,2,1,0,0,0,33,1,0,20
2015,8,30,2,5,0	0,0,20,0,0,15,0,4,0,0,0,3,1,0,47,0,0,0,0,0,0,15,3,0,2,0,1,2,1,0,0,0,0,20,2,4,0,0,1,0,2,8,1,7,1,0,33,0,7,1,1,0,0,0,1,0,21,7,84,1,0,4,0,0,3,13,0,4,0,0,4,0,0,0,0,13,2,0,0,0,0,2,4,10,29,0,13,0,2,10,50,17,0,0,0,0,0,2,3,0,6,2,2,0,0,17,0,0,4,41,0,4,0,0,0,0,1,0,0,0,4,0,0,0,3,43,5,0,11
2015,8,24,2,5,0	0,1,9,0,0,5,0,5,0,1,0,1,0,0,22,0,1,0,0,0,0,13,6,0,1,0,1,0,0,0,0,0,0,21,0,1,0,0,1,1,1,7,1,0,0,8,29,2,1,0,5,0,0,0,0,0,13,9,90,1,0,2,0,0,0,7,0,2,0,0,1,0,0,0,0,7,1,0,0,4,0,2,2,10,20,0,20,0,0,10,38,12,0,1,0,0,0,1,1,5,2,6,4,0,1,20,0,0,3,45,0,1,0,0,0,0,0,0,0,0,2,0,0,0,1,52,0,0,19
2015,8,31,2,5,0	0,0,10,0,0,9,2,1,0,0,0,0,0,0,16,0,0,0,1,0,0,16,3,0,3,0,0,0,1,0,0,1,0,23,0,1,0,0,1,0,0,6,1,1,0,0,27,0,2,3,2,0,0,0,0,1,8,1,91,2,0,1,0,0,5,2,0,1,0,0,2,0,0,0,0,21,1,0,0,0,0,2,2,5,33,0,19,1,0,7,37,10,0,0,0,0,0,1,0,5,7,0,0,0,0,13,1,0,5,36,0,5,0,0,0,0,0,1,0,0,0,0,0,0,1,29,5,0,18
2015,8,18,2,5,0	0,0,3,0,0,1,0,2,0,0,0,0,0,0,12,0,0,0,0,0,1,10,3,0,3,1,0,0,0,0,0,0,0,6,0,0,0,0,0,0,1,3,1,1,0,1,11,2,0,2,0,0,0,0,0,0,7,0,47,0,0,1,0,0,2,4,0,1,0,0,0,0,0,0,0,3,1,0,0,0,1,0,0,3,15,0,13,0,0,8,16,6,0,0,0,1,0,0,0,2,7,2,2,0,0,12,0,0,1,13,0,8,0,1,0,0,0,0,0,0,1,0,0,0,0,17,1,0,4
2015,8,19,2,5,0	0,0,1,0,0,0,0,0,0,0,0,0,0,0,4,0,0,0,0,0,0,0,0,0,0,0,0,0,0,0,0,0,0,0,0,0,0,0,0,0,0,0,0,0,0,1,1,0,0,0,0,0,0,0,0,0,1,2,13,1,0,0,0,0,0,0,1,3,0,0,0,1,0,0,0,2,0,0,0,0,0,0,2,0,3,0,0,0,0,0,7,3,0,0,0,0,0,0,0,0,0,0,1,0,0,4,0,0,0,9,0,0,0,0,0,0,2,0,0,0,0,0,0,0,0,6,4,0,0
2015,8,6,2,6,0	0,0,0,0,0,0,0,0,0,0,0,1,0,0,1,0,0,0,0,0,0,0,0,0,0,0,0,0,0,0,0,0,0,0,0,0,0,0,0,0,0,0,0,0,0,0,0,0,0,0,0,0,0,0,0,0,0,0,0,0,0,0,0,0,0,0,0,0,0,0,0,0,0,0,0,0,0,0,0,0,0,0,0,1,0,0,0,0,0,0,0,0,0,0,0,0,0,0,0,0,0,0,0,0,0,0,0,0,0,0,0,0,0,0,0,0,0,0,0,0,0,0,0,0,0,0,0,0,0
2015,8,5,2,6,0	0,0,0,0,0,0,0,0,0,0,0,0,0,0,0,0,0,0,0,0,0,0,0,0,0,0,0,0,0,0,0,0,0,0,0,0,0,0,0,0,0,0,0,0,0,0,0,0,0,0,0,0,0,0,0,0,0,0,1,0,0,0,0,0,0,0,0,0,0,0,0,0,0,0,0,0,0,0,0,0,0,0,0,0,0,0,0,0,0,0,0,0,0,0,0,0,0,0,0,0,0,0,0,0,0,0,0,0,0,0,0,0,0,0,0,0,0,0,0,0,0,0,0,0,0,0,0,0,0
2015,8,29,2,6,0	0,0,1,0,0,0,0,0,0,0,0,0,0,0,0,0,0,0,0,0,0,0,0,0,0,0,0,0,0,1,0,0,0,0,0,0,0,0,0,0,0,0,0,0,0,0,0,0,0,0,0,0,0,0,0,0,0,0,0,0,0,0,0,0,0,0,0,0,0,0,0,0,0,0,0,0,0,0,0,0,0,0,0,0,0,0,0,0,0,0,0,0,0,0,0,0,0,0,0,0,0,0,0,0,0,0,0,0,0,0,0,0,0,0,0,0,0,0,0,0,0,0,0,0,0,1,0,0,0
2015,8,26,2,6,0	0,0,0,0,0,0,0,0,0,0,0,0,0,0,0,0,1,0,0,0,0,0,0,0,0,0,0,0,0,0,0,0,0,1,0,0,0,0,0,0,0,0,0,0,0,0,0,0,0,0,0,0,0,0,0,0,0,0,0,0,0,0,0,0,0,0,0,0,0,0,0,0,0,0,0,0,0,0,0,0,0,0,0,0,0,0,0,0,0,1,0,0,0,0,0,0,0,0,0,0,0,0,0,0,0,0,0,0,0,0,0,0,0,0,0,0,0,0,0,0,0,0,0,0,0,1,0,0,0
2015,8,23,2,6,0	0,0,0,0,0,0,0,0,0,0,0,0,0,0,1,0,0,0,0,0,0,0,0,0,0,0,0,0,0,0,0,0,0,0,0,0,0,0,0,0,0,0,0,0,0,0,0,0,0,0,0,0,0,0,0,0,0,0,0,0,0,0,0,0,0,0,0,0,0,0,0,0,0,0,0,0,0,0,0,0,0,0,0,0,0,0,0,0,0,1,0,0,0,0,0,0,0,0,0,0,0,0,0,0,0,0,0,0,0,0,0,0,0,0,0,0,0,0,0,0,0,0,0,0,0,0,0,0,0
2015,8,4,2,6,0	0,0,0,0,0,0,0,0,0,0,0,0,0,0,0,0,0,0,0,0,0,0,0,0,0,0,0,0,0,0,0,0,0,0,0,0,0,0,0,0,0,0,0,0,0,0,0,0,0,0,0,0,0,0,0,0,0,0,0,0,0,0,0,0,0,0,0,0,0,0,0,0,0,0,0,0,0,0,0,0,0,0,0,0,1,0,0,0,0,0,0,0,0,0,0,0,0,1,0,0,0,0,0,0,0,0,0,0,0,1,0,0,0,0,0,0,0,0,0,0,0,0,0,0,0,0,0,0,0
2015,8,22,2,6,0	0,0,0,0,0,0,0,0,0,0,0,0,0,0,0,0,0,0,0,0,0,0,0,0,0,0,0,0,0,0,0,0,0,0,0,0,0,0,0,0,0,1,0,0,0,0,0,0,0,0,0,0,0,0,0,0,0,0,0,0,0,0,0,0,0,0,0,0,0,0,0,0,0,0,0,0,0,0,0,0,0,0,0,0,0,0,0,0,0,0,0,1,0,0,0,0,0,0,0,0,0,0,0,0,0,0,0,0,0,0,0,1,0,0,0,0,0,0,0,0,0,0,0,0,0,2,0,0,0
2015,8,21,2,6,0	0,0,0,0,0,1,0,0,0,0,0,0,0,0,0,0,0,0,0,0,0,0,0,0,0,0,0,0,0,0,0,0,0,0,0,0,0,0,0,0,0,0,0,0,0,0,0,0,0,0,0,0,0,0,0,0,0,0,0,0,0,0,0,0,0,0,0,0,0,0,0,0,0,0,0,0,0,0,0,0,0,0,0,0,0,0,0,0,0,0,0,0,0,0,0,0,0,0,0,0,0,0,0,0,0,0,0,0,0,0,0,0,0,0,0,0,0,0,0,0,0,0,0,0,0,0,0,0,0
2015,8,27,2,6,0	0,0,0,0,0,0,0,0,0,0,0,0,0,0,0,0,0,0,0,0,0,0,0,0,0,0,0,0,0,0,0,0,0,0,0,0,0,0,0,0,0,0,0,0,0,0,0,0,0,0,0,0,0,0,0,0,0,0,1,0,0,0,0,0,0,0,0,0,0,0,0,0,0,0,0,1,0,0,0,0,0,0,0,0,1,0,0,0,0,0,0,0,0,0,0,0,0,0,0,0,0,0,0,0,0,0,0,0,0,0,0,0,0,0,0,0,0,0,0,0,0,0,0,0,0,0,0,0,0
2015,8,1,2,6,0	0,0,0,0,0,0,0,0,0,0,0,0,0,0,0,0,0,0,0,0,0,0,0,0,0,0,0,0,0,0,0,1,0,1,0,0,0,0,0,0,0,0,0,0,0,0,0,0,0,0,0,0,0,0,0,0,0,0,0,0,0,0,0,0,0,0,0,0,0,0,0,0,0,0,0,0,0,0,0,0,0,0,0,0,0,0,0,0,0,0,0,0,0,0,0,0,0,0,0,0,0,0,0,0,0,1,0,0,0,0,0,0,0,0,0,0,0,0,0,0,0,0,0,0,0,0,0,0,0
2015,8,2,2,6,0	0,0,0,0,0,1,0,0,0,0,0,0,0,0,0,0,0,0,0,0,0,0,0,0,0,0,0,0,0,0,0,0,0,0,0,0,0,0,0,0,0,0,0,0,0,0,0,0,0,0,0,0,0,0,0,0,0,0,1,0,0,0,0,0,0,0,0,0,0,0,0,0,0,0,0,0,0,0,0,0,0,0,0,0,0,0,0,0,0,0,0,0,0,0,0,0,0,0,0,0,0,0,0,0,0,0,0,0,0,1,0,0,0,0,0,0,0,0,0,0,0,0,0,0,0,0,0,0,0
2015,8,3,2,6,0	0,0,0,0,0,0,0,0,0,0,0,0,0,0,0,0,0,0,0,0,0,0,0,0,0,0,0,0,0,0,0,0,0,1,0,0,0,0,0,0,0,0,0,0,0,0,0,0,0,0,0,0,0,0,0,0,0,0,0,0,0,0,0,0,0,0,0,0,0,0,0,0,0,0,0,0,0,0,0,0,0,0,0,0,0,0,0,0,0,0,0,0,0,0,0,0,0,0,0,0,0,0,0,0,0,0,0,0,0,0,0,0,0,0,0,0,0,0,0,0,0,0,0,0,0,1,0,0,0
2015,8,16,2,6,0	0,0,0,0,0,0,0,0,0,0,0,0,0,0,0,0,0,0,0,0,0,0,1,0,0,0,0,0,0,0,0,0,0,0,0,0,0,0,0,0,0,0,0,0,0,0,0,0,0,0,0,0,0,0,0,0,0,0,1,0,0,1,0,0,0,0,0,0,0,0,0,0,0,0,0,1,0,0,0,0,0,0,0,0,1,0,0,0,0,0,0,0,0,0,0,0,0,0,0,0,0,0,0,0,0,1,0,0,0,0,0,0,0,0,0,0,0,0,0,0,0,0,0,0,0,0,0,0,0
2015,8,17,2,6,0	0,0,0,0,0,0,0,0,0,0,0,0,0,0,0,0,0,0,0,0,0,0,0,0,0,0,0,0,0,0,0,0,0,0,0,0,0,0,0,0,0,0,0,0,0,0,0,0,0,0,0,0,0,0,0,0,1,0,0,0,0,0,0,0,0,0,0,0,0,0,0,0,0,0,0,0,0,0,0,0,0,0,0,0,0,0,0,0,0,0,0,0,0,0,0,0,0,0,0,0,0,0,0,0,0,0,0,0,0,0,0,0,0,0,0,0,0,0,0,0,0,0,0,0,0,0,0,0,0
2015,8,28,2,6,0	0,0,0,0,0,0,0,0,0,0,0,0,0,0,0,0,0,0,0,0,0,0,0,0,0,0,0,0,0,0,0,0,0,0,0,0,0,0,0,0,0,0,0,0,0,0,0,0,0,0,0,0,0,0,0,0,0,0,1,0,0,0,0,0,0,0,0,0,0,0,0,0,0,0,0,0,0,0,0,0,0,0,0,0,0,0,0,0,0,0,0,0,0,0,0,0,0,0,0,0,0,0,0,0,0,0,0,0,0,0,0,0,0,0,0,0,0,0,0,0,0,0,0,0,0,1,0,0,0
2015,8,25,2,6,0	0,0,0,0,0,0,0,0,0,0,0,0,0,0,0,0,0,0,0,0,0,0,0,0,0,0,0,0,0,0,0,0,0,0,0,0,0,0,0,0,0,0,0,0,0,0,0,0,0,0,0,0,0,0,0,0,0,0,1,0,0,0,0,0,0,0,0,0,0,0,0,0,0,0,0,0,0,0,0,0,0,0,0,0,0,0,0,0,0,0,0,0,0,0,0,0,0,0,0,0,0,0,0,0,0,0,0,0,0,0,0,0,0,0,0,0,0,0,0,0,0,0,0,0,0,0,0,0,0
2015,8,30,2,6,0	0,0,0,0,0,0,0,0,0,0,0,0,0,0,0,0,0,0,0,0,0,0,0,0,0,0,0,0,0,0,0,0,0,0,0,0,0,0,0,0,0,0,0,0,0,0,0,0,0,0,0,0,0,0,0,0,0,0,0,0,0,0,0,0,0,0,0,0,0,0,0,0,0,0,0,0,0,0,0,0,0,0,0,0,0,0,0,0,0,0,0,0,0,0,0,0,0,0,0,0,0,0,0,0,0,0,0,0,0,0,0,0,0,0,0,0,0,0,0,0,0,0,0,0,0,1,0,0,0
2015,8,24,2,6,0	0,0,0,0,0,0,0,0,0,0,0,0,0,0,0,0,0,0,0,0,0,0,1,0,0,0,0,0,0,0,0,0,0,0,0,0,0,0,0,0,0,0,0,0,0,0,1,0,0,0,0,0,0,0,0,0,0,0,2,0,0,0,0,0,0,0,0,0,0,0,0,0,0,0,0,0,0,0,0,0,0,0,0,0,0,0,0,0,0,0,0,0,0,0,0,0,0,0,0,0,0,0,0,0,0,0,0,0,0,0,0,0,0,0,0,0,0,0,0,0,0,0,0,0,0,0,0,0,1
2015,8,31,2,6,0	0,0,0,0,0,0,0,0,0,0,0,0,0,0,1,0,0,0,0,0,0,0,0,0,0,0,0,0,0,0,0,0,0,0,0,0,0,0,0,0,0,0,0,0,0,1,0,0,0,0,0,0,0,0,0,0,0,0,0,0,0,0,0,0,0,0,0,0,0,0,0,0,0,0,0,0,0,0,0,0,0,0,0,0,0,0,0,0,0,0,1,0,0,0,0,0,0,0,0,0,0,0,0,0,0,0,0,0,0,0,0,0,0,0,0,0,0,0,0,0,0,0,0,0,0,0,0,0,0
2015,8,18,2,6,0	0,0,0,0,0,1,0,0,0,0,0,0,0,0,0,0,0,0,0,0,0,0,0,0,0,0,0,0,0,0,0,0,0,0,0,0,0,0,0,0,0,0,0,0,0,0,0,0,0,0,0,0,0,0,0,0,0,0,0,0,0,0,0,0,0,0,0,0,0,0,0,0,0,0,0,0,0,0,0,0,0,0,0,0,0,0,0,0,0,0,0,0,0,0,0,0,0,0,0,0,0,0,0,0,0,0,0,0,0,0,0,0,0,0,0,0,0,0,0,0,0,0,0,0,0,0,0,0,0
2015,8,6,2,1,1	0,39,3027,39,0,2776,14,1690,1,2,0,34,18,24,12943,7,49,4,39,4,24,3989,301,6,172,1,135,162,117,9,0,206,1,7326,160,630,21,0,85,9,40,128,35,770,120,124,2279,70,756,110,2116,19,36,0,31,13,4947,515,37714,1182,0,1576,1,53,101,1638,4,673,28,39,85,95,2,25,0,3240,130,10,2,229,22,33,1071,1851,20215,28,5667,108,47,1228,10717,2285,15,4,0,33,0,516,110,289,962,126,428,0,26,9697,1,1,860,4486,0,2029,21,127,41,20,18,43,0,3,91,47,0,0,146,10000,951,1,1162
2015,8,5,2,1,1	0,99,9775,57,1,4618,33,4149,12,2,1,107,41,53,28688,14,135,0,62,11,102,8031,565,9,278,3,241,377,354,33,2,532,2,14770,565,1322,43,0,176,16,94,248,96,2238,210,312,3384,154,1571,211,4704,29,77,0,64,35,13073,1433,67971,2323,0,3666,5,117,271,3735,5,1316,84,71,179,234,6,55,1,6303,279,21,4,730,94,130,3146,3765,48575,79,9797,281,103,2753,22936,6519,50,6,9,41,0,1154,236,727,1896,261,677,1,53,27926,2,0,2208,11628,0,3951,67,239,123,47,38,81,0,12,216,128,0,6,263,20655,2100,8,1626
2015,8,29,2,1,1	1,136,15333,86,0,3641,66,1989,9,5,1,147,58,111,25778,27,173,0,111,17,76,7797,775,4,434,3,245,399,346,60,1,585,0,11365,407,1266,73,0,240,25,134,282,90,3155,252,297,2179,172,2277,282,3734,57,89,0,80,42,16658,1400,45479,2032,1,4500,3,140,440,4720,2,1714,106,95,227,262,10,87,1,5319,290,43,5,764,115,122,2556,4800,33413,86,10170,335,139,2905,22382,10385,82,2,12,50,0,1608,361,812,2203,372,1114,0,50,23241,3,1,2788,13574,0,3289,71,312,124,68,59,172,0,13,243,175,0,5,402,19875,2409,5,524
2015,8,28,2,1,1	0,104,12351,126,0,3722,58,2931,26,5,1,133,65,78,26716,19,131,1,80,13,66,7316,673,9,360,3,286,406,355,45,1,530,2,13448,495,1250,46,0,220,28,114,300,86,2379,233,292,3192,147,1701,214,3771,41,81,1,71,34,13521,1339,56947,2103,2,4126,5,115,378,4195,7,1399,100,90,186,198,1,77,0,5390,284,24,5,717,132,95,2652,4077,38962,72,9262,306,125,2743,22674,8062,74,4,20,53,0,1251,251,753,2042,301,849,0,57,24341,1,0,2440,11864,0,3547,66,204,117,54,54,115,0,8,220,163,0,7,359,20540,2454,2,1418
2015,8,23,2,1,1	0,108,11956,98,1,3205,63,2047,16,2,1,114,49,86,21912,20,170,2,98,15,87,5658,793,10,383,1,284,401,341,49,2,617,4,8986,487,1359,59,0,254,15,131,284,112,2540,313,349,3581,204,2331,259,3629,67,106,0,93,55,11932,1577,38077,1714,1,4429,5,160,270,4818,3,1555,108,95,231,254,6,76,1,4453,281,27,7,743,73,150,2310,5017,30690,84,8361,289,138,2857,18093,7798,83,5,8,43,2,1212,321,741,2208,362,1225,0,79,22282,0,0,3213,11326,0,3122,75,383,111,60,83,126,0,11,222,176,0,5,408,16879,2227,3,1465
2015,8,4,2,1,1	1,99,9006,67,0,4326,38,4105,11,4,1,96,51,56,27029,12,119,1,62,12,82,7605,529,7,306,1,240,358,296,37,0,505,0,14192,589,1310,33,0,164,17,82,261,79,1933,205,299,3029,149,1420,197,4685,35,73,0,63,44,12543,1358,66514,2326,2,3411,4,113,223,3557,5,1169,92,69,163,183,5,67,1,5912,216,20,2,664,73,126,2937,3552,46733,59,9330,261,78,2453,21953,5992,62,4,15,35,2,993,192,674,1794,263,704,0,53,26835,1,0,2137,13015,0,3695,63,330,105,34,33,93,0,16,176,100,0,3,274,20419,1921,3,1410
2015,8,22,2,1,1	0,111,15028,89,1,3927,69,2034,19,6,0,103,52,96,25420,22,143,2,93,18,71,7348,816,8,435,6,257,360,384,48,1,599,1,10941,542,1303,70,2,235,34,136,279,86,3025,284,307,2466,208,2332,278,3741,73,108,0,90,26,14676,1559,44464,1876,2,4709,7,153,340,5280,5,1724,112,90,259,339,12,56,3,5456,324,168,5,778,94,171,2432,5008,33508,81,10323,331,130,3121,21888,10412,95,6,12,52,1,1533,328,796,2133,368,1157,1,62,22902,3,0,3200,13609,0,3371,79,405,121,58,67,142,0,9,221,172,0,4,383,20839,2536,6,680
2015,8,21,2,1,1	0,105,10830,95,0,3610,45,2865,14,3,1,111,57,66,25288,15,120,3,70,7,62,6914,532,6,332,3,213,290,283,31,3,464,3,12647,377,1077,41,0,156,21,77,253,93,2148,167,220,3543,123,1188,186,3499,36,74,0,48,52,12527,1081,56534,1854,0,3517,2,99,298,3243,6,1034,65,54,161,151,4,55,0,5019,226,23,7,588,71,119,2449,3206,38487,40,8132,209,89,2178,20653,6986,52,2,7,35,0,1095,206,645,1565,244,564,0,50,23133,1,0,2036,10643,0,3626,66,235,97,39,29,107,0,7,195,161,0,6,254,19811,2331,5,1826
2015,8,27,2,1,1	0,118,10145,85,1,4124,47,3437,13,7,2,131,45,63,26813,16,159,2,64,11,66,7612,586,8,307,3,303,388,350,35,1,586,4,13466,524,1338,44,0,186,18,98,243,104,2188,223,292,3248,119,1608,221,3979,51,59,0,75,35,12921,1467,59729,2120,2,3710,4,142,296,3994,9,1355,102,60,165,216,8,57,1,5756,293,18,3,754,87,106,2806,3997,43101,59,9588,288,104,2618,22674,6671,52,6,17,43,2,1079,252,759,1993,268,734,0,62,26085,3,0,2352,11091,0,3629,77,157,118,40,35,74,0,9,215,124,0,5,311,19330,2089,15,1505
2015,8,1,2,1,1	0,160,15423,73,1,4034,54,2342,15,5,1,116,61,125,27621,20,178,3,129,10,65,7659,862,3,543,1,238,399,395,71,4,602,2,11589,472,1228,68,0,223,29,158,277,90,2931,265,349,2643,178,2420,281,5273,63,102,0,93,50,14998,1416,51547,2574,0,6368,5,151,370,5467,11,1885,110,120,227,244,5,48,0,5382,305,40,8,739,110,133,2770,5254,36652,86,9360,398,151,3145,24188,10511,99,6,7,61,1,1599,367,851,2410,384,1318,0,73,27056,1,1,2891,16170,0,3829,72,407,129,53,64,167,0,10,197,189,0,8,491,22213,3110,5,748
2015,8,2,2,1,1	0,129,12550,60,0,3495,63,2243,10,2,0,100,65,88,23533,19,159,3,93,11,70,6058,877,6,459,2,275,414,346,69,2,568,0,9766,500,1308,54,0,214,30,124,281,85,2466,260,326,3684,180,2337,312,4619,63,110,0,89,54,12443,1472,44743,2169,0,5756,4,141,311,4937,4,1745,90,103,207,265,5,47,1,4509,296,37,7,734,89,123,2548,5144,33954,69,8221,332,155,2884,20163,8257,104,7,15,42,1,1574,378,780,2353,357,1276,0,69,25655,1,1,2780,15429,0,3436,74,266,139,68,77,152,0,16,210,191,0,6,466,19129,2611,8,1506
2015,8,3,2,1,1	0,78,8090,57,0,4098,23,3775,8,2,2,101,58,55,24407,15,114,1,73,7,88,6764,586,6,284,0,239,338,286,39,1,448,1,12813,404,1202,41,0,180,15,83,285,102,1839,182,268,3153,151,1369,183,4254,48,57,0,51,33,11078,1189,61563,2299,0,3432,3,108,199,3102,8,1168,79,64,202,162,2,65,1,5403,234,10,2,606,70,126,2556,3212,41750,44,8718,237,104,2301,20020,5344,47,3,10,32,1,1115,213,642,1766,300,668,0,56,25103,1,0,1956,12826,0,3594,52,180,101,37,26,82,0,7,201,130,0,3,324,18520,1928,3,1559
2015,8,16,2,1,1	1,65,8565,55,0,3147,42,1859,9,6,3,89,49,89,18267,19,94,1,57,12,53,5180,503,4,296,3,231,294,197,46,1,416,0,7958,368,932,36,2,158,20,88,231,96,2067,148,223,2803,140,1288,158,3776,33,62,0,67,40,9456,968,35181,1543,2,3588,0,104,247,3063,1,1125,69,43,176,166,8,59,1,3611,198,85,1,534,71,93,1897,2959,28029,38,7407,208,91,1877,15312,5534,64,3,5,37,0,1090,193,485,1447,246,607,1,45,20193,1,0,1812,13451,0,2871,60,142,96,36,46,92,0,8,208,101,0,3,248,15131,1811,6,1306
2015,8,17,2,1,1	0,98,7726,70,0,3657,43,3559,8,0,0,109,54,56,23562,20,122,0,59,7,78,6542,555,5,286,3,302,382,234,28,3,483,1,12104,438,1175,44,0,211,23,105,280,118,1742,157,247,3124,149,1432,184,3965,29,58,0,62,32,10648,1178,57948,1909,0,3404,3,108,226,3177,9,1204,89,51,213,140,3,69,0,5080,248,24,6,637,89,113,2524,3326,41065,50,8495,222,102,2181,19241,5247,64,1,8,42,0,1045,214,656,1692,304,681,1,61,24065,1,0,1997,14072,0,3476,46,269,97,40,35,100,0,7,217,129,0,4,285,17731,1842,3,1473
2015,8,26,2,1,1	1,99,9070,74,0,3893,35,3681,8,5,3,111,52,43,26299,16,111,0,73,16,87,7226,550,5,284,3,266,357,337,32,2,540,2,13230,508,1250,47,1,184,16,92,234,93,2039,167,285,2702,133,1583,187,4106,45,53,1,57,31,12462,1475,59205,2227,4,3567,2,128,267,3655,8,1236,81,54,171,236,3,49,0,5636,251,25,4,733,84,113,2696,3701,43291,85,9042,244,79,2623,21282,5828,51,3,9,39,3,996,239,741,1755,278,709,1,65,25810,2,0,2367,10558,0,3529,58,260,116,37,29,95,0,11,218,112,0,6,249,18971,1999,4,1115
2015,8,25,2,1,1	0,95,8494,61,1,3804,46,3796,10,2,2,127,62,48,25342,19,116,1,74,6,81,6982,526,3,292,3,267,365,286,27,2,494,4,13161,500,1175,44,0,175,24,82,257,81,1782,178,282,2532,119,1380,171,4145,40,63,0,50,41,11744,1301,60231,1959,0,3341,2,114,282,3305,5,1136,69,55,165,210,4,59,0,5447,302,27,2,707,76,123,2786,3405,43096,45,8920,252,87,2385,20819,5379,63,4,17,36,1,900,202,680,1756,262,658,1,57,25151,1,0,2133,10392,0,3436,73,266,118,42,33,74,0,6,199,117,0,6,289,18456,1749,5,1020
2015,8,30,2,1,1	0,127,13099,89,0,3088,56,2085,13,7,1,122,68,84,24290,13,163,2,100,11,73,6196,823,6,416,2,302,431,350,62,3,579,0,9616,517,1350,56,0,226,33,134,248,122,2709,279,369,3161,162,2241,288,3596,71,95,0,77,41,13817,1432,40298,2467,0,4497,3,150,426,5247,4,1588,122,87,191,277,6,68,0,4494,289,39,6,775,103,118,2359,4946,32450,63,8713,339,136,2922,19652,8107,85,4,8,36,1,1442,385,758,2201,360,1213,0,63,23610,0,0,2887,12101,0,3226,78,248,118,49,68,151,0,11,260,137,0,6,403,17272,2207,4,1152
2015,8,24,2,1,1	0,87,7379,83,0,3519,36,3276,13,5,0,109,52,63,22566,12,102,3,50,7,69,6344,520,6,343,2,253,375,254,45,1,482,4,11738,458,1178,39,0,194,23,93,269,98,1695,167,266,2984,137,1403,158,3595,37,71,0,53,44,10290,1173,53585,2129,2,3230,1,112,286,3196,7,1306,85,67,182,137,5,62,0,5029,260,26,4,600,72,127,2393,3220,38161,58,8400,270,85,2294,18242,4872,57,5,17,28,0,873,203,644,1772,308,678,0,60,22841,5,1,2061,9331,0,3294,70,267,130,29,35,80,0,7,240,102,0,6,263,16710,1801,3,1399
2015,8,31,2,1,1	21,96,8011,69,1,3375,29,3532,16,1,0,121,49,72,23663,12,132,1,91,10,42,6400,583,9,340,2,257,348,254,43,1,436,2,11801,399,1090,50,1,214,12,78,270,140,1740,174,284,2632,163,1347,167,3736,31,68,0,72,32,11523,1112,53811,2359,4,3251,1,123,704,3200,5,1148,70,64,170,170,5,70,1,4892,246,27,4,612,97,114,2402,3431,39282,50,7880,236,97,2322,18699,4903,64,1,12,33,0,899,212,693,1782,274,622,0,53,23286,1,0,1944,9450,0,3392,68,163,111,40,26,90,0,11,219,115,0,6,283,16742,1869,3,1062
2015,8,18,2,1,1	1,43,2745,32,1,2416,15,1929,7,4,0,67,29,26,13483,7,53,3,40,2,19,4097,343,2,231,0,119,178,117,22,0,194,0,7689,142,549,18,0,105,10,47,114,61,829,112,147,1879,97,863,99,2163,19,51,0,40,16,5055,463,39525,1056,0,1662,2,59,122,1518,2,648,34,37,91,74,2,35,1,3138,114,8,1,237,39,45,1237,1783,22433,27,5910,128,63,1210,11351,2196,39,2,5,40,0,505,124,271,994,160,453,0,33,10523,1,0,913,7991,0,2104,13,94,47,13,19,43,0,4,91,47,0,1,162,10569,1015,2,946
2015,8,19,2,1,1	0,11,824,2,0,111,4,85,1,0,0,8,4,10,1015,1,14,0,10,1,3,189,85,0,49,0,32,63,55,5,0,49,0,442,51,120,5,0,22,2,4,26,4,123,41,43,179,28,368,37,134,12,10,0,14,4,597,188,1646,110,1,406,0,19,19,506,1,177,15,12,22,23,1,5,1,194,34,0,0,80,10,12,114,535,1441,5,469,32,9,341,910,462,7,0,1,6,0,61,47,73,215,46,205,0,8,1252,1,0,339,521,0,248,3,23,11,5,5,22,0,0,17,16,0,0,41,658,167,0,3
2015,8,6,2,2,1	0,0,53,0,0,25,0,11,0,0,0,0,0,0,97,0,0,0,0,0,0,41,0,0,0,0,1,1,0,0,0,1,0,83,0,0,0,0,0,0,0,13,0,10,0,0,3,0,0,0,34,0,1,0,0,0,51,1,527,14,0,34,0,0,1,0,0,13,0,0,0,0,0,0,0,29,1,0,0,0,0,7,10,4,155,0,65,3,0,12,105,28,0,0,0,0,0,5,0,1,17,0,1,0,0,142,0,0,0,85,0,13,0,0,0,0,0,0,0,0,2,0,0,0,0,120,6,0,2
2015,8,5,2,2,1	0,1,111,1,0,71,0,44,0,0,0,0,0,1,305,0,2,0,0,0,0,94,4,0,2,0,3,0,0,0,0,1,0,217,1,0,0,0,1,0,0,21,0,34,0,0,6,0,4,0,62,0,0,0,1,0,130,0,1316,63,0,83,0,0,5,3,0,34,0,0,1,0,0,0,0,99,0,0,0,1,0,6,36,9,403,0,177,8,0,32,298,94,0,0,0,0,0,15,0,6,71,1,0,0,1,373,0,0,0,201,0,48,0,2,0,1,0,0,0,0,5,2,0,0,0,306,22,0,2
2015,8,29,2,2,1	0,0,177,0,0,52,0,26,0,0,0,0,0,0,344,0,0,0,0,0,0,72,1,0,1,0,0,1,1,0,0,1,0,222,0,3,1,0,4,0,0,13,0,34,0,0,4,1,0,1,58,0,0,0,0,0,187,0,1259,71,0,84,0,0,1,4,0,40,0,0,0,0,0,1,0,64,0,0,0,1,0,11,45,27,458,0,168,9,0,24,280,128,0,0,0,0,0,25,0,5,71,0,0,0,0,453,0,0,1,280,0,70,0,0,0,0,0,0,0,0,4,0,0,0,1,271,29,0,2
2015,8,28,2,2,1	0,0,184,0,0,54,0,36,0,0,0,0,0,0,337,0,2,0,0,0,0,92,1,0,2,0,4,0,0,0,0,0,0,273,0,2,0,0,0,1,0,14,1,21,0,0,6,1,0,6,43,0,0,0,0,0,148,0,1383,79,0,99,0,0,1,4,0,35,0,0,1,0,0,0,0,98,0,0,0,0,0,13,35,25,489,0,175,10,0,21,294,127,0,0,0,0,0,17,0,4,88,0,0,0,0,449,0,0,0,292,0,46,0,0,0,0,0,0,0,0,1,1,0,0,0,305,25,0,4
2015,8,23,2,2,1	0,0,216,0,0,83,1,43,0,0,0,0,0,0,438,0,1,0,0,0,0,89,1,0,1,0,6,1,0,1,0,0,0,230,0,1,0,0,0,0,0,9,1,46,0,0,3,0,1,2,65,0,0,0,0,0,194,0,1320,56,0,129,0,0,1,8,0,36,0,1,0,0,0,0,0,98,0,0,0,1,0,9,47,20,635,0,199,11,0,20,385,145,0,0,0,0,0,15,0,5,67,0,0,0,0,499,0,0,0,248,0,60,0,0,0,0,0,0,0,0,6,0,0,0,0,334,44,0,1
2015,8,4,2,2,1	0,0,127,1,0,58,0,28,0,0,0,1,1,0,307,0,1,0,0,0,1,94,0,2,6,0,3,1,0,0,0,4,0,220,1,0,0,0,3,0,0,21,2,24,0,0,10,0,0,2,65,0,0,0,0,0,133,0,1282,35,0,85,0,0,1,3,0,42,0,0,0,0,0,0,0,69,0,0,0,0,0,4,34,7,408,0,155,11,0,16,242,109,1,0,0,0,0,14,0,3,62,2,0,0,0,413,0,0,2,247,0,44,0,0,0,0,0,0,0,0,2,0,0,0,0,327,31,0,6
2015,8,22,2,2,1	0,0,139,0,0,55,0,32,0,0,0,0,0,0,300,0,1,0,1,0,0,71,1,0,4,0,5,0,0,0,0,2,0,216,2,1,0,0,3,0,0,23,0,31,0,0,0,0,2,0,56,0,0,0,0,0,118,0,1118,57,0,101,0,0,4,1,0,38,0,0,0,0,0,0,0,64,0,0,0,0,0,7,43,17,400,0,132,17,0,17,254,106,1,0,0,0,0,20,0,3,59,1,0,0,1,400,0,0,0,223,0,43,0,0,0,0,0,1,0,0,3,0,0,0,0,262,30,0,1
2015,8,21,2,2,1	0,0,135,0,0,63,1,36,0,0,0,0,0,1,320,0,1,0,0,0,0,110,2,0,3,0,1,0,0,0,0,1,0,251,1,1,0,0,2,0,0,21,0,33,0,1,9,0,2,3,59,0,0,0,0,1,145,0,1342,61,0,105,0,0,3,3,0,31,0,0,0,0,0,0,0,70,0,0,0,0,0,12,33,18,448,0,181,15,0,12,251,101,0,0,0,0,0,19,0,5,79,0,0,0,0,353,0,0,0,258,0,44,0,1,0,1,0,0,0,0,3,0,0,0,0,317,26,0,7
2015,8,27,2,2,1	0,0,165,0,0,49,0,31,0,0,0,0,0,0,358,0,0,0,0,0,0,123,3,0,2,0,3,1,0,0,0,2,0,242,0,0,0,0,1,0,0,20,0,29,0,0,2,1,1,2,53,0,0,0,0,0,152,0,1331,69,0,70,0,1,2,3,0,37,0,0,2,0,0,0,0,97,1,0,0,1,0,6,45,21,454,0,171,12,0,17,253,121,1,0,0,0,0,26,0,2,66,0,0,0,0,433,0,0,0,242,0,30,0,0,0,0,0,0,0,0,1,2,0,0,1,301,28,0,1
2015,8,1,2,2,1	0,0,112,0,0,44,1,25,0,0,0,1,1,0,322,0,0,0,0,0,0,68,0,0,1,0,2,2,0,0,0,0,0,274,0,2,1,0,0,0,0,8,1,25,0,2,7,1,0,0,54,0,0,0,0,0,118,3,1469,44,0,99,0,0,3,3,0,39,1,0,1,0,0,0,0,66,1,0,0,0,0,8,41,17,469,0,161,12,0,19,271,106,0,0,0,0,0,17,0,5,72,0,0,0,2,384,0,0,2,321,0,56,0,0,0,0,0,0,0,0,4,0,0,0,1,304,30,0,4
2015,8,2,2,2,1	0,0,153,0,0,95,0,32,0,0,0,1,0,0,453,0,0,0,1,0,0,114,2,0,3,0,1,0,0,0,0,0,0,314,1,1,0,0,1,0,0,12,0,48,0,0,4,1,1,1,70,0,0,0,0,0,159,0,1578,62,0,90,0,0,2,2,0,40,0,0,0,0,0,0,0,96,1,0,0,0,0,10,40,14,490,0,218,18,0,17,321,136,2,0,1,0,0,12,0,6,73,1,1,0,0,452,0,0,2,278,0,50,0,0,0,0,0,0,0,0,4,0,0,0,0,332,26,0,0
2015,8,3,2,2,1	0,0,190,0,0,83,0,43,0,0,0,0,1,0,419,0,2,0,0,0,0,134,0,0,2,0,3,1,1,0,0,2,0,316,0,2,0,0,3,0,0,15,0,45,0,1,8,1,0,4,74,0,0,0,0,0,171,0,1636,53,0,97,0,0,0,2,0,38,0,1,0,0,0,0,0,113,0,0,0,1,0,9,30,9,523,0,263,10,1,19,327,142,0,0,0,0,0,20,0,3,70,1,0,0,2,493,0,0,2,300,0,47,0,0,1,0,0,0,0,0,2,0,0,0,0,364,28,0,4
2015,8,16,2,2,1	0,0,156,1,0,65,0,38,0,0,0,0,0,0,428,0,0,0,0,0,0,103,0,0,1,0,4,0,0,0,0,1,0,274,1,0,0,0,0,0,0,13,0,30,0,0,4,0,1,2,52,0,0,0,0,0,190,1,1366,38,0,92,0,0,2,1,0,45,0,0,0,0,0,0,0,88,0,0,0,0,0,19,46,17,566,0,205,13,0,14,296,135,1,0,0,0,0,15,0,3,62,0,0,0,0,468,0,0,1,238,0,58,0,0,0,0,0,1,0,0,2,0,0,0,0,269,23,0,2
2015,8,17,2,2,1	0,0,182,0,0,54,0,34,0,0,0,0,0,0,403,0,0,0,0,0,0,135,1,0,2,0,2,1,0,0,0,0,0,286,0,2,0,0,0,0,0,12,0,44,0,0,5,1,0,5,66,0,0,0,0,0,166,0,1622,68,0,116,0,0,5,3,0,45,1,0,0,0,0,1,0,104,0,0,0,1,0,12,36,15,549,0,255,15,0,20,290,126,0,0,0,0,0,19,0,3,78,0,0,0,0,472,0,0,2,293,0,56,0,1,0,0,0,0,0,0,5,0,0,0,0,389,37,0,6
2015,8,26,2,2,1	0,0,158,0,0,54,0,30,0,0,0,0,0,0,300,0,2,0,0,0,0,113,0,0,2,0,1,0,0,0,0,0,0,231,0,2,0,0,1,0,1,14,1,28,0,1,4,1,1,2,63,0,0,0,0,0,147,1,1278,92,0,86,0,0,3,4,0,36,0,0,3,0,0,1,0,74,0,0,0,0,0,10,42,11,410,1,185,10,0,19,241,102,0,0,0,0,0,11,0,4,71,0,0,0,0,432,0,0,0,209,0,35,0,0,0,0,0,0,0,0,2,0,0,0,0,265,25,0,1
2015,8,25,2,2,1	0,0,154,0,0,51,0,29,0,0,0,1,0,0,354,0,0,0,0,0,0,92,0,0,2,0,4,0,0,0,0,1,0,214,0,2,0,0,0,0,0,11,2,43,0,0,4,0,1,2,57,0,0,0,0,0,136,0,1272,87,0,91,0,0,6,4,0,45,0,0,0,0,0,0,0,85,0,0,0,1,0,14,36,14,430,0,172,14,0,15,281,121,0,0,0,0,0,22,0,2,87,0,0,0,0,381,0,0,0,237,0,43,0,0,0,0,0,1,0,0,1,0,0,0,0,303,25,0,4
2015,8,30,2,2,1	0,0,222,0,0,74,1,39,0,0,0,1,0,0,465,0,0,0,0,0,0,96,1,0,1,0,2,3,0,0,0,1,0,274,0,2,0,0,1,0,1,12,3,57,0,1,7,0,0,2,69,0,0,0,1,0,216,0,1230,98,0,122,0,0,0,3,0,44,1,0,0,0,0,0,0,89,1,0,0,1,0,10,51,19,606,1,193,20,2,20,329,144,0,0,0,0,0,36,0,4,96,0,1,0,0,492,0,0,0,252,0,45,0,0,0,0,0,0,0,0,1,0,0,0,0,281,29,0,2
2015,8,24,2,2,1	0,0,174,0,0,72,0,39,0,0,0,0,0,0,432,0,0,0,0,0,1,113,1,0,3,0,0,1,0,0,0,0,0,307,0,4,0,0,1,0,0,9,1,37,0,2,2,1,0,2,63,0,0,0,0,0,160,0,1533,92,0,85,0,0,5,1,0,48,0,0,0,0,0,1,0,82,0,0,0,0,0,6,33,17,524,0,224,13,0,22,327,128,0,0,0,0,0,22,0,5,110,0,0,0,0,491,0,0,0,269,0,49,0,1,1,0,0,0,0,0,2,1,0,0,1,355,29,0,2
2015,8,31,2,2,1	0,0,202,0,0,65,0,37,0,0,0,0,0,0,420,0,0,0,0,0,0,122,1,0,4,0,2,0,2,0,0,0,0,285,1,1,0,0,0,0,0,11,0,40,0,0,7,0,1,2,68,0,0,0,0,0,197,0,1455,85,0,111,0,0,0,1,0,47,1,0,1,0,0,2,0,78,0,0,0,1,0,4,48,12,525,0,219,16,0,23,295,131,0,0,0,0,0,24,0,3,88,0,0,0,0,419,0,0,2,266,0,58,0,0,0,0,0,0,0,0,6,0,0,0,0,283,29,0,4
2015,8,18,2,2,1	0,0,64,0,0,26,0,18,0,0,0,0,0,0,148,0,0,0,0,0,0,38,2,0,0,0,1,1,0,0,0,0,0,111,1,1,0,0,0,0,0,9,1,20,0,0,5,0,0,1,25,0,0,0,0,0,69,0,619,35,0,45,0,0,0,1,0,24,0,0,0,1,0,0,0,38,0,0,0,1,0,7,15,11,170,0,93,6,0,10,104,50,0,0,0,4,0,8,0,0,27,0,0,0,0,184,0,0,1,101,0,22,0,0,0,0,0,0,0,0,0,0,0,0,0,149,13,0,4
2015,8,19,2,2,1	0,0,4,0,0,6,0,2,0,0,0,0,0,0,19,0,0,0,0,0,0,3,0,0,0,0,0,0,0,0,0,0,0,15,0,0,0,0,0,0,0,0,0,2,0,0,0,0,0,0,4,0,0,0,0,0,14,0,56,7,0,5,0,0,0,0,0,8,0,0,0,0,0,0,0,5,0,0,0,0,0,0,2,0,26,0,4,2,0,2,15,9,0,0,0,0,0,1,0,0,8,0,0,0,0,31,0,0,0,9,0,3,0,0,0,0,0,0,0,0,0,0,0,0,0,4,0,0,0
2015,8,6,2,3,1	0,0,0,0,0,0,0,0,0,0,0,0,0,0,2,0,0,0,0,0,0,0,0,0,0,0,0,1,0,0,0,1,0,3,0,0,0,0,0,0,0,1,0,0,0,0,0,0,1,1,1,0,0,0,0,0,1,0,3,0,0,1,0,0,0,0,0,0,0,0,0,0,0,0,0,0,0,0,0,0,0,0,0,2,1,0,1,0,0,3,4,0,0,0,0,0,0,0,0,0,0,0,0,0,0,2,0,0,0,2,0,1,0,0,0,0,0,0,0,0,0,0,0,0,0,5,0,0,0
2015,8,5,2,3,1	0,0,2,0,0,2,0,0,0,0,0,0,0,0,2,0,0,0,0,0,0,1,3,0,1,0,0,0,0,0,0,0,0,1,0,0,0,0,0,0,0,2,0,0,0,1,0,0,0,0,0,0,0,0,0,0,0,0,7,2,0,1,0,0,1,0,0,0,0,1,0,0,0,0,0,0,0,0,0,0,0,0,0,1,4,0,2,0,0,2,3,0,0,0,0,0,0,0,0,0,0,0,0,0,0,3,0,0,0,4,0,0,0,0,0,0,0,0,0,0,1,0,0,0,0,0,0,0,0
2015,8,29,2,3,1	0,0,0,0,0,0,0,0,0,0,0,1,0,0,1,0,0,0,0,0,0,0,0,0,1,0,0,0,0,0,0,0,0,1,0,0,0,0,0,0,0,1,0,0,0,0,0,0,0,0,2,0,0,0,0,0,1,0,6,0,0,0,0,0,0,0,0,0,0,0,0,0,0,0,0,0,0,0,0,0,0,0,0,0,1,0,0,0,0,0,2,1,0,0,0,0,0,1,0,0,0,0,0,0,0,2,0,0,0,3,0,0,0,0,0,0,0,0,0,0,0,0,0,0,0,1,0,0,0
2015,8,26,2,3,1	0,0,1,0,0,1,0,0,0,0,0,0,0,0,1,0,0,0,0,0,0,0,2,0,0,0,0,1,0,0,0,0,0,2,0,0,0,0,0,0,0,1,0,0,0,0,2,0,0,1,0,0,0,0,0,0,2,0,11,0,0,0,0,0,0,0,0,0,0,0,0,0,0,0,0,1,0,0,0,3,0,0,1,0,3,0,3,0,0,2,5,1,0,0,0,0,0,0,0,1,0,0,0,0,0,1,0,0,0,6,0,0,0,0,0,0,0,0,0,0,0,0,0,0,0,3,1,0,2
2015,8,23,2,3,1	0,0,1,0,0,2,0,0,0,0,0,0,0,0,3,0,0,0,0,0,0,1,0,0,0,0,0,0,1,0,0,0,0,1,0,0,0,0,0,0,0,0,0,0,0,0,0,0,0,0,1,0,0,0,0,0,1,1,6,0,0,0,0,0,0,0,0,0,0,0,0,0,0,0,0,0,0,0,0,0,0,0,0,0,3,0,2,0,0,3,3,0,0,0,0,0,0,0,0,0,0,0,0,0,0,4,0,0,0,6,0,1,0,0,0,1,0,0,0,0,1,0,0,0,0,4,0,0,0
2015,8,4,2,3,1	0,0,0,0,0,0,0,0,0,0,0,0,0,0,2,0,0,0,0,0,0,1,1,0,0,0,0,0,0,0,0,1,0,3,0,0,0,0,0,0,0,1,0,0,0,0,1,0,0,0,0,0,0,1,0,0,0,1,10,0,0,0,0,0,0,0,0,0,0,0,0,0,0,0,0,0,0,0,0,1,0,0,0,0,1,0,4,0,0,3,5,2,0,0,0,0,0,0,0,0,0,0,0,0,0,1,0,0,0,4,0,1,0,0,0,0,0,0,0,0,1,0,0,0,0,3,0,0,1
2015,8,22,2,3,1	0,0,1,0,0,0,0,1,0,0,0,1,0,0,0,0,0,0,0,0,0,2,0,0,0,0,0,0,0,0,0,2,0,1,0,1,0,0,0,0,0,3,0,1,0,0,0,0,0,0,2,0,0,0,0,1,1,0,6,0,0,5,0,0,1,0,0,0,0,0,0,0,0,0,0,0,0,0,0,0,0,0,0,1,1,0,0,0,0,0,2,4,0,0,0,0,0,0,0,2,0,0,0,0,0,2,0,0,0,2,0,1,0,0,0,0,0,0,0,0,0,0,0,0,0,2,0,0,0
2015,8,21,2,3,1	0,0,2,0,0,0,0,0,0,0,0,0,0,0,2,0,0,0,0,0,0,0,1,0,0,0,0,0,0,0,0,0,0,0,0,0,0,0,0,0,0,0,0,1,0,0,1,0,0,1,1,0,0,0,0,0,1,0,6,0,0,0,0,0,0,0,0,0,0,0,1,0,0,0,0,5,0,0,0,0,0,0,0,1,6,0,2,0,0,2,5,1,0,0,0,0,0,0,1,0,0,1,0,0,0,1,0,0,0,2,0,1,0,0,0,0,0,0,0,1,0,0,0,0,0,5,0,0,0
2015,8,27,2,3,1	0,0,1,0,0,2,0,0,0,0,0,2,0,0,1,0,0,0,0,0,0,3,1,0,1,0,0,0,0,0,0,1,0,3,0,0,0,0,1,0,0,0,0,0,0,0,1,0,0,0,1,0,0,0,0,0,0,0,13,0,0,0,0,0,0,0,0,0,0,0,0,0,0,0,0,4,0,0,0,0,0,0,0,0,2,1,0,1,0,6,1,1,0,0,0,0,0,0,0,0,0,0,0,0,0,4,0,0,1,3,0,2,0,0,0,0,0,0,0,0,0,0,0,0,0,5,0,0,0
2015,8,1,2,3,1	0,0,0,0,0,0,0,0,0,0,0,0,0,0,1,0,0,0,0,0,0,1,0,0,0,0,1,0,0,0,0,0,0,3,0,0,0,0,0,0,0,2,0,0,0,1,0,0,0,0,0,0,0,0,0,0,1,0,10,0,0,0,0,0,0,0,0,0,0,0,0,0,0,0,0,0,0,0,0,0,0,0,2,2,2,0,1,0,0,0,4,0,0,0,0,0,0,1,0,1,0,0,0,0,1,1,0,0,0,3,0,2,0,0,0,0,0,0,0,0,0,0,0,0,0,9,0,0,0
2015,8,2,2,3,1	0,0,0,0,0,1,0,1,0,0,0,0,0,1,3,0,1,0,0,0,0,1,0,0,0,0,0,0,0,0,0,0,0,2,0,0,0,0,0,0,0,3,0,1,0,0,2,0,1,0,0,0,0,0,0,0,2,0,14,0,0,0,0,0,0,0,0,2,0,1,0,0,0,1,0,2,1,0,0,0,0,1,0,0,1,0,1,0,0,0,0,1,0,0,0,0,0,0,0,0,0,0,0,0,0,1,0,0,0,2,0,0,0,0,0,0,0,0,0,0,0,0,0,0,0,2,0,0,2
2015,8,3,2,3,1	0,0,2,0,0,0,0,0,0,0,0,1,1,0,3,0,0,0,0,0,0,1,6,0,2,0,0,0,0,0,0,0,0,4,0,0,0,0,0,0,0,3,0,1,0,1,2,0,0,0,0,0,1,0,0,0,1,0,5,0,0,0,0,0,0,0,0,0,0,0,0,0,0,0,0,0,0,0,0,0,0,1,0,1,7,0,2,0,0,2,0,0,0,0,0,0,0,0,0,0,0,0,0,0,0,3,0,0,1,1,0,0,0,0,0,0,0,0,0,0,0,0,0,0,0,1,0,0,0
2015,8,16,2,3,1	0,0,3,0,0,0,0,0,0,0,0,0,0,0,1,0,0,0,0,0,0,2,0,0,0,0,0,0,0,0,0,1,0,0,0,0,0,0,0,0,0,0,0,0,1,0,2,0,0,0,1,0,0,0,0,0,2,1,2,0,0,1,0,0,0,0,0,0,0,0,0,0,0,0,0,0,1,0,0,0,0,0,0,1,3,0,1,0,0,0,2,1,0,0,0,0,0,0,0,0,0,0,1,0,0,4,0,0,1,5,0,0,0,0,0,0,0,0,0,0,0,0,0,0,0,1,0,0,2
2015,8,17,2,3,1	0,0,0,0,0,0,0,0,0,0,0,0,0,0,2,0,0,0,0,0,0,2,2,0,1,0,0,0,0,0,0,0,0,1,0,0,0,0,0,0,0,1,0,0,0,0,5,0,0,0,0,0,0,0,0,0,0,0,7,1,0,1,0,0,1,2,0,0,0,0,0,0,0,0,0,3,0,0,0,0,0,0,0,0,1,0,1,0,0,2,0,2,0,0,0,0,0,1,0,0,0,0,0,0,0,2,0,0,2,4,0,1,0,0,0,0,0,0,0,0,0,0,0,0,0,2,0,0,2
2015,8,28,2,3,1	0,0,1,0,0,0,0,0,0,0,0,1,0,0,3,0,0,0,0,0,0,3,2,0,0,0,0,0,0,0,0,0,0,2,0,0,0,0,0,0,0,3,0,1,0,0,1,0,0,0,0,0,0,0,0,0,2,0,8,0,0,1,0,0,0,2,0,0,0,0,0,0,0,0,0,2,0,0,0,0,0,0,0,2,4,0,1,0,0,0,3,1,0,0,0,0,0,0,0,0,1,0,0,0,0,2,0,0,0,3,0,0,0,0,0,0,0,0,0,0,0,0,0,0,0,4,0,0,1
2015,8,25,2,3,1	0,0,1,0,0,1,0,1,0,0,0,0,0,0,5,0,0,0,0,0,0,2,5,0,0,0,0,0,0,0,0,1,0,3,0,1,0,0,0,0,0,1,0,0,0,0,3,0,0,0,1,0,0,0,0,0,0,0,6,2,0,2,0,0,2,1,0,3,0,0,0,0,0,0,0,0,0,0,0,2,0,0,1,0,2,0,0,0,0,2,3,0,0,0,0,0,0,0,0,0,0,0,0,0,0,1,0,0,0,3,0,0,0,0,0,0,0,0,0,0,0,0,0,0,0,3,0,0,2
2015,8,30,2,3,1	0,0,0,0,0,0,0,0,0,0,0,0,0,0,1,0,0,0,0,0,0,1,0,0,0,0,0,0,0,0,0,0,0,0,0,2,0,0,0,0,0,3,0,1,0,0,0,0,0,0,1,0,0,0,0,0,1,0,7,0,0,2,0,0,0,0,0,0,0,0,0,0,0,0,0,2,0,0,0,2,0,1,0,0,4,0,1,0,0,1,5,1,0,0,0,0,0,1,0,0,1,0,0,0,0,2,0,0,0,1,0,2,0,0,0,0,0,0,0,0,0,0,0,0,0,3,0,0,0
2015,8,24,2,3,1	0,0,0,0,0,0,0,0,0,0,0,0,0,0,4,0,0,0,0,0,0,2,3,0,1,0,0,0,0,0,0,0,0,1,0,2,0,0,0,0,0,0,0,0,0,0,0,0,0,1,0,0,0,0,0,0,2,1,4,2,0,0,0,0,0,1,0,2,0,0,0,0,0,0,0,1,0,0,0,0,0,1,3,2,2,0,1,0,0,1,1,1,0,0,0,0,0,0,0,0,2,0,0,0,0,2,0,0,0,3,0,0,0,0,0,0,0,0,0,0,1,0,0,0,0,6,0,0,0
2015,8,31,2,3,1	0,0,0,0,0,0,0,0,0,0,0,0,0,0,3,0,0,0,0,0,0,0,1,0,0,0,0,0,0,0,0,0,0,1,0,0,0,0,0,0,0,1,0,0,0,0,0,0,0,1,0,0,0,0,0,0,0,0,6,0,0,1,0,0,1,0,0,0,0,2,0,0,0,0,0,0,1,0,0,0,0,0,0,0,0,0,1,0,0,4,1,1,0,0,0,0,0,1,0,0,0,0,0,0,0,3,0,0,0,4,0,0,0,0,0,0,0,0,0,0,0,0,0,0,0,2,0,0,0
2015,8,18,2,3,1	0,0,0,0,0,0,0,0,0,0,0,0,0,0,1,0,0,0,0,0,0,1,0,0,0,0,0,0,0,0,0,0,0,2,0,0,0,0,0,0,0,0,0,0,0,0,1,0,1,0,0,0,0,0,0,0,2,0,8,0,0,0,0,0,0,0,0,1,0,0,0,0,0,0,0,2,0,0,0,0,0,0,0,0,3,0,0,0,0,1,0,0,0,0,0,0,0,0,0,0,0,0,0,0,0,1,0,0,0,0,0,0,0,0,0,0,0,0,0,0,0,0,0,0,0,3,1,0,0
2015,8,19,2,3,1	0,0,0,0,0,0,0,0,0,0,0,0,0,0,0,0,0,0,0,0,0,3,0,0,0,0,0,0,0,0,0,0,0,0,0,0,0,0,0,0,0,0,0,0,0,0,0,0,0,0,0,0,0,0,0,0,1,0,0,0,0,0,0,0,0,0,0,0,0,0,0,0,0,0,0,0,0,0,0,0,0,0,0,0,1,0,0,0,0,1,0,0,0,0,0,0,0,0,0,0,0,0,0,0,0,0,0,0,0,0,0,0,0,0,0,0,0,0,0,0,0,0,0,0,0,0,0,0,0
2015,8,6,2,4,1	0,0,0,0,0,0,0,1,0,0,0,5,0,0,0,0,0,0,0,0,0,0,0,2,0,0,0,0,0,0,0,0,0,1,0,0,0,0,0,0,0,0,2,0,0,0,0,0,0,0,0,0,0,0,0,0,0,0,2,0,0,1,0,0,0,0,0,0,0,0,0,0,0,0,0,0,0,0,0,0,0,0,0,1,2,0,1,0,0,0,0,0,0,0,0,0,0,0,0,0,0,0,0,0,2,1,0,0,0,0,0,0,0,0,0,0,0,0,0,0,0,0,0,0,0,0,0,0,0
2015,8,5,2,4,1	0,0,0,0,0,1,0,0,0,0,0,6,0,0,1,0,0,0,0,0,0,0,0,1,0,0,0,0,0,0,0,0,0,0,0,0,0,0,0,0,0,0,1,0,0,0,0,0,0,0,1,0,0,0,0,0,0,0,0,0,0,0,0,0,0,0,0,1,0,0,0,0,0,0,0,0,0,0,0,0,0,0,0,0,2,0,1,0,0,0,1,0,1,0,0,0,0,0,0,0,0,0,0,0,5,0,0,0,0,0,0,0,0,0,0,0,2,0,0,0,0,0,0,0,0,0,0,0,0
2015,8,29,2,4,1	0,0,0,0,0,0,0,0,0,0,0,4,0,0,1,0,0,0,0,0,0,0,0,2,0,0,0,0,0,0,0,0,0,0,0,0,0,0,1,0,0,0,2,0,0,0,0,0,0,0,1,0,0,0,0,0,0,0,3,0,0,0,0,0,0,0,0,0,0,0,0,0,0,0,0,1,0,0,0,0,0,1,0,0,0,0,0,0,0,0,1,2,2,0,0,0,0,0,0,0,0,0,0,0,4,0,0,0,0,0,0,0,1,0,0,4,0,0,0,0,0,0,0,0,0,0,0,0,0
2015,8,28,2,4,1	0,0,1,0,0,1,0,0,0,0,0,5,0,0,0,0,0,0,0,0,0,1,0,0,0,0,0,0,0,0,0,0,0,0,0,0,0,0,0,0,0,0,0,0,0,0,0,1,0,0,0,0,0,0,0,0,0,0,3,0,0,1,0,0,0,0,0,0,0,0,0,0,0,0,0,0,0,0,0,1,0,0,0,0,6,0,0,0,0,0,0,0,2,0,0,0,0,0,0,0,0,0,0,0,5,0,0,0,0,0,0,0,0,0,2,0,0,0,0,0,0,0,0,0,0,0,0,0,0
2015,8,23,2,4,1	0,0,1,0,0,0,0,0,0,0,0,6,0,0,0,0,0,0,0,0,0,0,2,0,0,0,0,0,0,0,0,0,0,0,0,0,0,0,0,0,0,1,0,0,0,0,0,0,0,0,0,0,0,0,0,0,0,0,0,0,0,0,0,0,0,0,0,1,0,0,0,0,0,0,0,0,0,0,0,0,0,0,0,0,0,0,0,0,0,1,0,0,1,0,0,0,0,0,0,0,0,0,0,0,2,1,0,0,0,0,0,0,0,0,0,1,2,0,0,0,1,0,0,0,0,0,0,0,0
2015,8,4,2,4,1	0,0,1,0,0,0,0,0,0,0,0,7,2,0,1,0,0,0,0,0,0,0,0,0,0,0,0,0,0,1,0,0,0,0,0,0,0,0,0,0,0,0,0,0,0,0,0,0,0,0,0,0,0,0,0,0,1,0,1,0,0,0,0,0,0,1,0,0,0,0,0,0,0,0,0,0,0,0,0,0,0,0,0,0,0,0,1,0,0,0,0,0,0,0,0,0,0,0,0,0,0,0,0,0,2,1,0,0,0,0,0,0,0,0,0,1,1,0,0,0,1,0,0,0,0,0,0,0,0
2015,8,22,2,4,1	0,0,0,2,0,0,0,0,0,0,0,6,1,0,3,0,0,0,0,0,0,0,0,0,0,0,0,0,0,0,0,0,0,0,0,0,0,0,0,0,0,0,0,0,0,0,0,0,0,0,0,0,0,0,0,0,1,1,0,0,0,1,0,0,0,0,0,0,0,0,0,0,0,1,0,0,0,0,0,0,0,1,0,0,3,0,0,0,0,0,1,0,7,0,0,0,0,0,0,0,0,0,0,0,4,0,0,0,0,0,0,0,0,1,0,1,3,0,0,0,0,0,0,0,0,0,0,0,0
2015,8,21,2,4,1	0,0,0,0,0,0,1,0,0,0,0,4,0,0,0,0,0,0,0,0,0,1,0,0,0,0,0,1,0,0,0,0,0,1,0,0,0,0,0,0,0,0,1,0,0,0,0,0,0,0,0,0,0,0,0,0,1,0,2,1,0,0,0,0,0,0,0,0,0,0,0,0,0,0,0,0,0,0,0,0,0,0,0,0,2,0,0,0,0,0,0,0,1,0,0,0,0,0,0,0,0,0,0,0,2,0,0,0,0,0,0,0,0,0,1,1,0,0,0,0,0,0,0,0,0,0,1,0,0
2015,8,27,2,4,1	0,0,0,0,0,1,0,0,0,0,0,5,2,0,1,0,0,0,0,0,0,0,0,2,0,0,0,0,0,0,0,0,0,1,0,0,0,0,0,0,0,0,1,0,0,0,0,0,0,0,0,0,0,0,0,0,0,0,0,0,0,0,0,0,0,0,0,0,0,0,0,0,0,0,0,0,0,0,0,0,0,0,1,0,0,0,0,0,0,0,0,0,1,0,0,0,0,0,0,0,0,0,0,0,5,1,0,0,0,0,0,0,0,0,1,0,0,0,0,0,0,0,0,0,0,0,0,0,0
2015,8,1,2,4,1	0,0,0,0,0,0,0,0,0,0,0,1,1,0,1,0,0,0,0,0,0,2,0,0,0,0,0,0,0,0,0,0,0,0,0,0,0,0,0,0,0,0,2,0,0,0,0,0,0,0,0,0,0,0,0,0,0,0,2,0,0,0,0,0,1,1,0,0,0,0,0,0,0,0,0,0,0,0,0,0,0,0,1,0,2,0,0,0,0,0,1,0,0,0,0,0,0,0,0,0,0,0,0,0,4,0,0,0,0,0,0,0,0,0,2,0,0,0,0,0,0,0,0,0,0,1,0,0,0
2015,8,2,2,4,1	0,0,0,0,0,0,0,0,0,0,0,6,0,0,0,0,0,0,0,0,0,0,0,1,0,0,0,0,0,0,0,0,0,0,0,0,0,0,0,0,0,0,1,0,0,0,1,0,0,0,0,0,0,0,0,0,0,0,2,1,0,2,0,0,1,0,0,0,0,0,0,0,0,0,0,0,0,0,0,0,0,0,0,1,2,0,1,0,0,1,0,0,3,0,0,0,0,0,0,0,0,0,0,0,0,0,0,0,1,0,0,0,1,0,0,1,3,0,0,0,0,0,0,0,0,0,0,0,0
2015,8,3,2,4,1	0,0,0,0,0,0,0,0,0,0,0,3,0,0,0,0,0,0,0,0,0,0,0,1,0,0,0,0,0,0,0,0,0,1,0,0,0,0,0,0,0,1,2,0,0,0,0,0,0,0,0,0,0,0,0,0,0,0,6,0,0,0,0,0,0,0,0,0,0,0,0,0,0,0,0,2,0,0,0,0,0,0,0,0,3,0,0,0,0,0,2,0,1,0,0,0,0,0,0,0,0,0,0,0,4,0,0,0,0,0,0,0,0,0,0,0,0,0,0,0,0,0,0,0,0,2,0,0,0
2015,8,16,2,4,1	0,0,0,0,0,1,0,0,0,0,0,5,2,0,0,0,0,0,0,0,0,0,0,2,0,0,0,0,0,0,0,0,0,0,0,0,0,0,0,0,0,0,0,0,0,0,0,0,0,0,0,0,0,0,0,0,0,0,0,0,0,0,0,0,0,0,0,0,0,0,0,0,0,0,0,0,0,0,0,0,0,0,0,1,0,0,0,0,0,0,0,0,1,0,0,0,0,0,0,0,0,0,0,0,2,0,0,0,0,0,0,0,0,0,0,0,0,0,0,0,1,0,0,0,0,0,0,0,0
2015,8,17,2,4,1	0,0,0,0,0,0,0,0,0,0,0,4,0,0,0,0,0,0,0,0,0,0,0,2,0,0,1,0,0,0,0,0,0,2,0,0,0,0,0,0,0,0,0,0,0,0,1,0,0,0,0,0,0,0,0,0,1,0,2,0,0,0,0,0,0,0,0,0,0,0,0,0,0,0,0,0,0,0,0,0,0,0,0,0,0,0,0,0,0,0,1,0,1,0,0,0,0,0,0,0,0,0,0,0,6,0,0,0,0,2,0,0,2,0,1,1,0,0,0,0,0,0,0,0,0,1,0,0,0
2015,8,26,2,4,1	0,0,0,0,0,0,0,0,0,0,0,4,1,0,0,0,0,0,0,0,0,0,0,2,0,0,0,0,0,0,0,0,0,1,0,0,0,0,0,0,0,0,0,0,0,0,1,0,0,0,0,0,0,0,0,0,0,0,1,0,0,0,0,0,0,0,0,0,0,0,0,0,0,0,0,0,0,0,0,0,0,0,0,1,2,0,0,0,0,1,0,0,1,0,0,0,0,0,0,0,0,0,0,0,3,0,0,0,0,0,0,0,0,0,0,1,1,0,0,0,0,0,0,0,0,0,0,0,0
2015,8,25,2,4,1	0,0,0,0,0,0,0,0,0,0,0,4,0,0,0,0,0,0,0,0,0,0,0,1,0,0,0,0,0,0,0,0,0,0,0,0,0,0,0,0,0,0,2,0,0,0,0,0,0,0,0,0,0,0,0,0,1,0,5,0,0,0,0,0,0,1,0,0,0,0,0,0,0,0,0,1,0,0,0,1,0,0,0,0,0,0,0,0,0,0,1,0,1,0,0,0,0,0,0,0,0,0,0,0,3,0,0,0,0,1,0,0,1,0,0,2,0,0,0,0,0,1,0,0,0,1,0,0,0
2015,8,30,2,4,1	0,0,0,0,0,1,0,0,0,0,0,3,1,0,1,0,0,0,0,0,0,1,1,2,0,0,0,0,0,0,0,0,0,1,0,0,0,0,0,0,0,0,1,0,0,0,0,0,0,0,2,0,0,0,0,0,0,0,4,1,0,0,0,0,0,0,0,0,0,0,0,0,0,0,0,0,0,0,0,0,0,0,0,0,2,0,1,0,0,0,3,0,1,0,0,0,0,0,0,0,0,0,0,0,9,3,0,0,0,0,0,1,0,0,0,1,0,0,0,0,0,0,0,0,0,0,0,0,0
2015,8,24,2,4,1	0,0,0,0,0,0,0,0,0,0,0,5,0,0,0,0,0,0,0,0,0,0,1,3,0,0,0,0,0,0,0,0,0,0,0,0,0,0,0,0,0,0,2,0,0,0,1,0,0,0,0,0,0,0,0,0,1,0,1,0,0,0,0,0,0,0,0,0,0,0,0,0,0,0,0,0,0,0,0,0,0,0,0,0,1,0,0,0,0,0,3,0,0,0,0,0,0,0,0,0,0,0,0,0,3,1,0,0,0,0,0,0,0,0,0,0,0,0,0,0,0,0,0,0,0,0,1,0,0
2015,8,31,2,4,1	0,0,0,0,0,0,0,0,0,0,0,3,1,0,1,0,0,0,0,0,0,0,0,0,0,0,0,0,0,0,0,0,0,2,0,0,0,0,0,0,0,0,0,0,0,0,0,0,0,0,0,0,0,0,0,0,0,0,2,0,0,0,0,0,0,0,0,0,0,0,0,0,0,0,0,0,0,0,0,0,0,0,0,0,1,0,2,0,0,0,1,1,1,0,0,0,0,0,0,0,0,1,0,0,5,0,0,0,0,0,0,0,0,0,0,0,0,0,0,0,0,0,0,0,0,0,0,0,0
2015,8,18,2,4,1	0,0,0,0,0,0,0,0,0,0,0,4,2,0,0,0,0,0,0,0,0,0,0,2,1,0,0,0,0,0,0,0,0,0,0,0,0,0,0,0,0,0,0,0,0,0,0,0,0,0,0,0,0,0,0,0,0,0,0,0,0,0,0,0,0,0,0,0,0,0,0,0,0,0,0,0,0,0,0,0,0,0,0,0,1,0,0,0,0,0,0,0,0,0,0,0,0,0,0,0,0,0,0,0,1,0,0,0,1,0,0,0,0,0,0,0,0,0,0,0,1,0,0,0,0,1,0,0,0
2015,8,19,2,4,1	0,0,0,0,0,0,0,0,0,0,0,0,1,0,0,0,0,0,0,0,0,0,0,0,0,0,0,0,0,0,0,0,0,0,1,0,0,0,0,0,0,0,0,0,0,0,0,0,0,0,0,0,0,0,0,0,0,0,0,0,0,0,0,0,0,1,0,0,0,0,0,0,0,0,0,0,0,0,0,0,0,0,0,0,0,0,0,0,0,0,0,0,0,0,0,0,0,0,0,0,0,0,0,0,0,0,0,0,0,0,0,0,0,0,0,0,0,0,0,0,0,0,0,0,0,0,0,0,0
2015,8,6,2,5,1	0,2,2,0,0,3,0,0,0,0,0,2,0,1,10,0,0,0,0,0,0,4,2,0,1,0,1,4,0,0,0,0,0,4,1,0,0,0,1,0,0,0,0,1,1,0,6,4,1,1,0,0,0,0,0,0,2,0,27,1,0,5,0,0,2,4,0,0,2,0,0,0,0,0,0,2,0,0,0,0,0,0,0,11,8,0,2,0,1,2,9,2,0,0,0,0,0,1,2,2,0,1,1,0,0,7,0,0,1,4,0,2,0,1,1,0,0,0,0,0,0,1,0,0,2,14,2,0,4
2015,8,5,2,5,1	0,0,9,0,0,2,1,0,0,0,0,2,0,1,16,0,1,0,1,0,0,6,3,0,3,0,3,4,0,0,0,0,0,13,0,0,0,0,2,0,0,5,0,1,1,4,10,2,8,1,1,0,0,0,0,0,3,2,50,1,0,4,0,2,1,2,0,0,0,1,1,0,0,0,0,10,2,0,0,3,0,0,2,5,20,0,9,2,0,6,14,10,0,0,0,1,0,0,0,1,3,3,0,0,0,16,0,0,8,19,0,2,1,2,0,1,0,0,0,0,0,4,0,0,2,16,2,0,3
2015,8,29,2,5,1	0,0,16,1,0,2,0,1,0,1,0,1,0,1,23,0,0,0,0,1,0,6,0,0,1,0,1,2,1,0,0,0,0,11,1,3,0,0,2,0,0,3,0,4,0,4,7,1,9,0,5,1,0,0,0,0,21,1,34,3,0,14,0,1,1,7,0,2,0,1,0,0,0,0,0,3,5,0,0,0,1,0,3,11,25,0,13,1,1,10,25,12,1,0,0,0,0,0,0,5,5,7,3,0,9,17,0,0,7,16,0,6,1,0,0,3,1,2,0,0,1,1,0,0,0,17,5,2,4
2015,8,28,2,5,1	0,0,8,1,0,0,0,1,0,0,0,5,0,0,18,0,0,0,1,0,0,7,3,0,3,0,0,3,2,0,0,0,0,10,0,0,0,0,1,0,1,2,0,2,0,1,13,3,1,0,1,0,0,0,1,0,5,2,44,2,0,4,0,0,3,4,1,8,0,1,1,0,0,1,0,7,2,0,0,0,0,0,0,9,31,0,10,1,0,8,22,14,1,1,0,0,0,1,1,1,3,8,1,0,3,20,0,0,7,20,0,5,0,2,0,0,1,0,0,0,2,0,0,1,2,11,1,0,6
2015,8,23,2,5,1	0,0,11,0,0,3,1,1,0,0,0,1,0,1,28,0,0,0,1,0,0,12,2,0,4,0,0,9,3,1,1,0,0,11,1,4,0,0,0,0,1,5,0,2,1,1,11,2,2,0,1,0,0,0,0,1,15,3,40,3,0,5,0,0,0,10,0,10,1,1,2,2,0,0,0,7,5,0,0,1,0,1,2,15,18,0,20,2,3,6,19,5,0,0,0,0,0,0,1,2,3,5,5,0,2,20,0,0,1,14,0,2,1,0,0,0,1,0,0,0,5,1,0,0,3,14,3,0,4
2015,8,4,2,5,1	0,0,4,0,0,2,0,1,0,0,0,3,1,0,13,0,0,1,1,0,0,5,1,0,0,0,2,2,0,0,0,0,0,6,0,0,0,0,0,0,0,3,1,2,0,0,13,0,1,1,2,1,0,0,0,0,6,1,57,2,0,4,0,0,2,4,0,1,1,1,0,0,0,0,0,4,0,0,0,1,0,0,3,6,16,0,6,0,0,9,20,5,3,0,0,0,0,7,2,1,0,2,1,0,5,15,0,0,2,14,0,3,0,1,0,0,0,0,0,0,2,0,0,1,0,8,3,1,3
2015,8,22,2,5,1	0,2,10,0,0,6,0,1,0,0,0,4,0,0,26,0,0,0,0,1,0,13,5,0,2,0,0,3,1,0,1,2,0,14,0,2,0,0,2,0,1,2,9,4,1,2,9,2,6,0,2,0,3,0,0,0,11,5,39,0,0,11,0,1,0,8,0,1,2,3,2,0,0,1,0,8,3,0,0,2,0,2,2,13,27,0,19,0,1,10,28,10,0,0,0,1,0,0,1,1,6,1,4,0,0,23,0,0,6,23,0,4,0,1,0,3,1,0,0,0,1,1,0,0,1,17,1,1,1
2015,8,21,2,5,1	0,0,9,2,0,4,0,1,0,0,0,3,0,0,15,0,0,0,0,1,0,5,3,0,1,0,2,0,0,0,0,0,0,7,0,1,0,0,0,0,1,4,0,5,0,2,13,1,6,0,0,0,0,0,0,0,10,1,38,2,0,4,0,1,2,4,0,0,0,1,4,2,0,0,0,6,2,0,0,2,0,0,3,1,8,0,7,0,3,5,15,4,0,0,1,0,0,2,1,2,4,4,0,0,0,13,0,0,4,14,0,2,0,2,3,0,1,0,0,0,0,3,0,1,2,17,3,1,7
2015,8,27,2,5,1	0,0,5,0,0,4,0,3,0,0,0,1,0,0,17,0,1,0,3,1,0,7,2,0,1,0,2,2,3,0,0,2,0,15,0,0,1,0,0,1,0,3,0,0,0,3,7,0,5,2,1,0,1,0,0,1,9,5,56,2,0,9,0,2,0,2,0,2,0,0,2,0,0,0,0,6,1,0,0,0,0,1,1,8,28,0,11,2,1,14,15,3,0,0,2,1,0,1,2,1,3,0,9,0,1,23,0,0,6,21,0,1,0,1,0,1,0,0,0,0,0,0,0,0,1,19,3,0,4
2015,8,1,2,5,1	0,0,11,1,0,4,0,2,0,1,0,4,0,0,30,0,2,0,0,0,0,7,2,0,1,0,2,3,1,0,0,1,0,11,2,1,1,0,3,1,1,1,1,4,0,1,5,2,7,0,4,0,4,0,0,0,12,5,43,2,0,13,0,0,5,5,0,1,0,1,1,0,0,0,0,4,1,0,0,0,1,1,2,15,27,1,11,0,1,6,26,12,2,1,0,1,0,4,0,6,10,3,3,0,6,21,0,0,8,25,0,4,0,0,0,0,3,1,0,1,4,0,0,1,0,29,7,1,3
2015,8,2,2,5,1	0,1,13,0,0,5,0,0,0,0,0,5,0,0,13,0,0,0,3,0,0,11,6,0,1,0,2,3,0,2,0,0,0,10,0,0,0,0,5,0,1,4,1,4,2,0,18,1,6,1,1,0,1,0,0,0,8,2,33,2,0,4,0,0,1,6,0,1,0,1,1,0,0,2,0,8,1,0,0,1,0,0,6,7,25,0,7,3,0,11,25,11,3,0,0,0,0,0,0,5,5,3,4,0,2,30,0,0,3,22,0,5,1,0,3,1,2,1,0,0,1,0,0,0,4,21,4,0,4
2015,8,3,2,5,1	0,0,5,0,0,4,1,0,0,0,0,3,0,0,17,0,0,0,0,0,0,7,3,0,2,0,0,0,2,0,0,1,0,11,0,0,2,0,1,0,0,1,1,3,0,1,13,0,4,0,1,0,0,0,1,0,3,3,38,4,0,6,0,0,2,5,1,0,0,2,2,0,0,0,0,8,1,0,0,1,0,3,0,4,20,0,8,1,0,8,11,7,0,0,0,0,0,1,0,6,1,4,1,0,3,11,0,0,7,15,0,3,0,1,0,0,0,0,0,0,0,1,0,0,1,8,0,0,4
2015,8,16,2,5,1	0,1,5,0,0,5,0,0,0,0,0,0,0,1,15,0,1,0,1,0,0,4,4,0,1,0,0,2,1,0,0,1,0,7,0,4,0,0,3,1,0,1,1,1,0,0,11,0,0,1,2,0,1,0,1,0,7,4,24,1,0,4,0,0,2,4,0,5,0,0,1,1,0,0,0,1,3,0,0,4,1,2,0,6,13,0,7,1,1,3,18,9,0,0,0,0,0,1,0,3,4,2,0,0,3,13,0,0,3,16,0,1,1,0,0,0,0,0,0,0,1,2,0,0,1,10,7,0,6
2015,8,17,2,5,1	0,0,8,0,0,1,0,0,0,0,0,3,0,0,13,0,0,0,0,0,0,10,2,0,2,0,1,3,0,0,0,1,0,7,0,1,0,0,0,0,0,1,1,0,0,1,11,0,5,0,2,0,1,0,0,0,9,0,37,0,0,3,0,0,0,1,0,2,0,0,2,0,0,3,0,7,2,0,0,1,0,1,0,6,17,2,7,0,1,9,20,5,0,0,0,0,0,0,0,1,2,6,2,0,2,16,0,0,3,14,0,1,0,0,2,1,1,1,0,0,1,1,0,0,1,11,1,0,3
2015,8,26,2,5,1	0,0,5,0,0,5,0,1,0,0,0,2,0,0,20,0,0,0,0,0,0,4,3,0,0,0,0,4,0,0,0,1,0,8,0,1,0,0,0,0,1,3,0,4,0,1,8,0,12,2,2,0,0,0,0,0,8,2,49,2,0,6,0,0,0,2,0,3,0,0,2,0,0,0,0,5,1,0,0,0,0,0,3,5,24,0,12,1,0,7,22,4,0,0,0,0,0,0,0,0,2,2,1,0,2,15,0,0,1,10,0,2,0,3,0,2,0,0,0,0,1,0,0,0,0,7,0,0,1
2015,8,25,2,5,1	0,0,2,0,0,5,0,2,0,1,0,1,0,0,20,0,0,0,0,0,0,5,2,0,1,0,0,2,1,0,0,1,0,5,1,2,1,0,5,0,0,1,0,2,0,0,11,0,7,0,1,0,0,0,0,0,2,3,46,2,0,3,0,0,2,4,0,5,0,0,3,0,0,0,0,4,2,0,0,1,0,0,2,5,29,0,6,0,0,7,20,5,3,0,1,0,0,0,0,1,2,9,1,0,1,12,0,0,2,12,0,3,0,1,0,1,1,0,0,0,3,1,0,0,0,15,3,0,8
2015,8,30,2,5,1	0,0,16,1,0,11,0,4,0,0,0,2,0,1,27,1,0,0,0,1,1,6,2,1,1,0,0,2,2,0,0,0,0,9,2,2,0,0,1,1,2,1,0,4,2,0,13,1,8,0,2,0,0,0,1,1,11,2,53,1,0,8,0,1,2,11,0,4,0,1,4,0,0,0,0,5,2,0,0,0,0,1,5,7,21,0,9,0,2,11,30,10,1,1,0,0,0,1,3,0,1,3,2,0,0,16,0,0,6,21,0,3,0,0,0,1,2,2,0,0,2,1,0,0,3,16,5,0,7
2015,8,24,2,5,1	0,1,7,0,0,2,0,5,0,0,0,3,0,0,12,0,0,0,0,0,0,7,3,0,3,0,1,0,0,0,0,0,0,8,0,0,0,0,0,1,1,1,1,0,0,8,8,2,1,0,0,0,1,0,0,0,8,9,50,1,0,3,0,0,0,6,0,1,0,0,0,0,0,0,0,7,1,0,0,4,0,0,2,7,17,1,5,0,0,7,23,6,0,1,1,0,0,1,1,3,1,6,5,0,2,20,0,0,2,18,0,0,0,0,0,0,0,0,0,0,2,0,0,0,2,19,1,0,5
2015,8,31,2,5,1	0,0,5,0,0,2,0,2,0,0,0,0,1,0,9,0,0,0,1,0,0,5,0,0,2,0,0,1,2,0,0,1,0,8,0,1,0,0,2,0,1,3,0,0,1,0,10,1,3,2,3,0,0,0,0,1,6,0,51,2,0,2,0,0,0,2,1,2,0,0,2,0,0,0,0,4,1,0,0,1,0,1,1,2,27,0,11,2,0,4,28,4,1,0,0,0,0,0,0,2,6,0,0,0,3,9,1,0,6,6,0,1,0,0,0,0,0,2,0,1,0,0,0,0,1,20,4,0,5
2015,8,18,2,5,1	0,0,1,1,0,1,0,1,0,0,0,1,0,0,8,0,0,0,0,0,1,6,1,0,2,2,0,0,1,0,0,0,0,4,0,1,0,0,0,0,1,0,0,0,0,1,6,2,1,0,1,0,0,0,0,0,1,0,31,0,0,0,0,0,2,5,0,1,0,0,0,0,0,0,0,2,1,0,0,0,0,0,0,2,5,0,6,0,0,4,6,4,0,0,0,0,0,1,0,0,5,1,2,0,0,10,0,0,2,5,0,8,0,0,0,0,0,0,0,0,1,0,0,0,0,7,0,0,4
2015,8,19,2,5,1	0,0,1,0,0,1,0,0,0,0,0,0,0,0,2,0,0,0,0,0,0,0,0,0,0,0,0,0,0,0,0,0,0,0,0,0,0,0,0,0,0,0,0,0,0,1,1,0,0,0,0,0,0,0,0,0,0,2,4,1,0,0,0,0,0,0,1,3,0,0,0,1,0,0,0,0,0,0,0,0,0,0,1,0,3,0,0,0,0,0,3,1,0,0,0,0,0,0,1,0,1,0,1,0,0,5,0,0,0,0,0,0,0,0,0,0,2,0,0,0,0,0,0,1,0,2,0,0,0
2015,8,6,2,6,1	0,0,0,0,0,0,0,0,0,0,0,1,0,0,1,0,0,0,0,0,0,0,0,0,0,0,0,0,0,0,0,0,0,0,0,0,0,0,0,0,0,0,0,0,0,0,0,0,0,0,0,0,0,0,0,0,0,0,0,0,0,0,0,0,0,0,0,0,0,0,0,0,0,0,0,0,0,0,0,0,0,0,0,1,0,0,0,0,0,0,0,0,0,0,0,0,0,0,0,0,0,0,0,0,0,0,0,0,0,0,0,0,0,0,0,0,0,0,0,0,0,0,0,0,0,0,0,0,0
2015,8,5,2,6,1	0,0,0,0,0,0,0,0,0,0,0,0,0,0,0,0,0,0,0,0,0,0,0,0,0,0,0,0,0,0,0,0,0,0,0,0,0,0,0,0,0,0,0,0,0,0,0,0,0,0,0,0,0,0,0,0,0,0,0,0,0,0,0,0,0,0,0,0,0,0,0,0,0,0,0,0,0,0,0,0,0,0,0,0,0,0,0,0,0,0,0,0,0,0,0,0,0,0,0,0,0,0,0,0,0,0,0,0,0,1,0,0,0,0,0,0,0,0,0,0,0,0,0,0,0,0,0,0,0
2015,8,29,2,6,1	0,0,0,0,0,0,0,0,0,0,0,0,0,0,0,0,0,0,0,0,0,0,0,0,0,0,0,0,0,1,0,0,0,0,0,0,0,0,0,0,0,0,0,0,0,0,0,0,0,0,0,0,0,0,0,0,0,0,0,0,0,0,0,0,0,0,0,0,0,0,0,0,0,0,0,0,0,0,0,0,0,0,0,0,0,0,0,0,0,0,0,0,0,0,0,0,0,0,0,0,0,0,0,0,0,0,0,0,0,0,0,0,0,0,0,0,0,0,0,0,0,0,0,0,0,0,0,0,0
2015,8,26,2,6,1	0,0,0,0,0,0,0,0,0,0,0,0,0,0,0,0,1,0,0,0,0,0,0,0,0,0,0,0,0,0,0,0,0,1,0,0,0,0,0,0,0,0,0,0,0,0,0,0,0,0,0,0,0,0,0,0,0,0,0,0,0,0,0,0,0,0,0,0,0,0,0,0,0,0,0,0,0,0,0,0,0,0,0,0,0,0,0,0,0,2,0,0,0,0,0,0,0,0,0,0,0,0,0,0,0,0,0,0,0,0,0,0,0,0,0,0,0,0,0,0,0,0,0,0,0,0,0,0,0
2015,8,23,2,6,1	0,0,0,0,0,0,0,0,0,0,0,0,0,0,0,0,0,0,0,0,0,0,0,0,0,0,0,0,0,0,0,0,0,0,0,0,0,0,0,0,0,0,0,0,0,0,0,0,0,0,0,0,0,0,0,0,0,0,0,0,0,0,0,0,0,0,0,0,0,0,0,0,0,0,0,0,0,0,0,0,0,0,0,0,0,0,0,0,0,1,0,1,0,0,0,0,0,0,0,0,0,0,0,0,0,0,0,0,0,0,0,0,0,0,0,0,0,0,0,0,0,0,0,0,0,0,0,0,0
2015,8,4,2,6,1	0,0,0,0,0,0,0,0,0,0,0,0,0,0,0,0,0,0,0,0,0,0,0,0,0,0,0,0,0,0,0,0,0,0,0,0,0,0,0,0,0,0,0,0,0,0,0,0,0,0,0,0,0,0,0,0,0,0,0,0,0,0,0,0,0,0,0,0,0,0,0,0,0,0,0,0,0,0,0,0,0,0,0,0,1,0,0,0,0,0,0,0,0,0,0,0,0,1,0,0,0,0,0,0,0,0,0,0,0,1,0,0,0,0,0,0,0,0,0,0,0,0,0,0,0,0,0,0,0
2015,8,22,2,6,1	0,0,0,0,0,0,0,0,0,0,0,0,0,0,0,0,0,0,0,0,0,0,0,0,1,0,0,0,0,0,0,0,0,0,0,0,0,0,0,0,0,1,0,0,0,0,0,0,0,0,0,0,0,0,0,0,0,0,0,0,0,0,0,0,0,0,0,0,0,0,0,0,0,0,0,0,0,0,0,0,0,0,0,0,0,0,0,0,0,0,0,0,0,0,0,0,0,0,0,0,0,0,0,0,0,0,0,0,0,0,0,1,0,0,0,0,0,0,0,0,0,0,0,0,0,0,0,0,0
2015,8,21,2,6,1	0,0,0,0,0,1,0,0,0,0,0,0,0,0,0,0,0,0,0,0,0,0,0,0,0,0,0,0,0,0,0,0,0,0,0,0,0,0,0,0,0,0,0,0,0,0,0,0,0,0,0,0,0,0,0,0,0,0,0,0,0,0,0,0,0,0,0,0,0,0,0,0,0,0,0,0,0,0,0,0,0,0,0,0,0,0,0,0,0,0,0,0,0,0,0,0,0,0,0,0,0,0,0,0,0,0,0,0,0,0,0,0,0,0,0,0,0,0,0,0,0,0,0,0,0,0,0,0,0
2015,8,27,2,6,1	0,0,0,0,0,0,0,0,0,0,0,0,0,0,0,0,0,0,0,0,0,0,0,0,0,0,0,0,0,0,0,0,0,0,0,0,0,0,0,0,0,0,0,0,0,0,0,0,0,0,0,0,0,0,0,0,0,0,1,0,0,0,0,0,0,0,0,0,0,0,0,0,0,0,0,1,0,0,0,0,0,0,0,0,1,0,0,0,0,0,0,0,0,0,0,0,0,0,0,0,0,0,0,0,0,0,0,0,0,0,0,0,0,0,0,0,0,0,0,0,0,0,0,0,0,0,0,0,0
2015,8,1,2,6,1	0,0,0,0,0,0,0,0,0,0,0,0,0,0,0,0,0,0,0,0,0,0,0,0,0,0,0,0,0,0,0,1,0,1,0,0,0,0,0,0,0,0,0,0,0,0,0,0,0,0,0,0,0,0,0,0,0,0,1,0,0,0,0,0,0,0,0,0,0,0,0,0,0,0,0,0,0,0,0,0,0,0,0,0,0,0,0,0,0,0,0,0,0,0,0,0,0,0,0,0,0,0,0,0,0,0,0,0,0,0,0,0,0,0,0,0,0,0,0,0,0,0,0,0,0,0,0,0,0
2015,8,2,2,6,1	0,0,0,0,0,1,0,0,0,0,0,0,0,0,0,0,0,0,0,0,0,0,0,0,0,0,0,0,0,0,0,0,0,0,0,0,0,0,0,0,0,0,0,0,0,0,0,0,0,0,0,0,0,0,0,0,0,0,1,0,0,0,0,0,0,0,0,0,0,0,0,0,0,0,0,0,0,0,0,0,0,0,0,0,0,0,0,0,0,0,0,0,0,0,0,0,0,0,0,0,0,0,0,0,0,0,0,0,0,0,0,0,0,0,0,0,0,0,0,0,0,0,0,0,0,0,0,0,0
2015,8,3,2,6,1	0,0,0,0,0,0,0,0,0,0,0,0,0,0,0,0,0,0,0,0,0,0,0,0,0,0,0,0,0,0,0,0,0,1,0,0,0,0,0,0,0,0,0,0,0,0,0,0,0,0,0,0,0,0,0,0,0,0,0,0,0,0,0,0,0,0,0,0,0,0,0,0,0,0,0,0,0,0,0,0,0,0,0,0,0,0,0,0,0,0,0,0,0,0,0,0,0,0,0,0,0,0,0,0,0,0,0,0,0,0,0,0,0,0,0,0,0,0,0,0,0,0,0,0,0,1,0,0,0
2015,8,16,2,6,1	0,0,0,0,0,0,0,0,0,0,0,0,0,0,0,0,0,0,0,0,0,0,1,0,0,0,0,0,0,0,0,0,0,0,0,0,0,0,0,0,0,0,0,0,0,0,0,0,0,0,0,0,0,0,0,0,0,0,1,0,0,1,0,0,0,0,0,0,0,0,0,0,0,0,0,0,0,0,0,0,0,0,0,0,1,0,0,0,0,0,0,0,0,0,0,0,0,0,0,0,0,0,0,0,0,1,0,0,0,0,0,0,0,0,0,0,0,0,0,0,0,0,0,0,0,0,0,0,0
2015,8,17,2,6,1	0,0,0,0,0,0,0,0,0,0,0,0,0,0,0,0,0,0,0,0,0,0,0,0,0,0,0,0,0,0,0,0,0,0,0,0,0,0,0,0,0,0,0,0,0,0,0,0,0,0,0,0,0,0,0,0,1,0,0,0,0,0,0,0,0,0,0,0,0,0,0,0,0,0,0,0,0,0,0,0,0,0,0,0,0,0,0,0,0,0,0,0,0,0,0,0,0,0,0,0,0,0,0,0,0,0,0,0,0,0,0,0,0,0,0,0,0,0,0,0,0,0,0,0,0,0,0,0,0
2015,8,28,2,6,1	0,0,0,0,0,0,0,0,0,0,0,0,0,0,0,0,0,0,0,0,0,0,0,0,0,0,0,0,0,0,0,0,0,0,0,0,0,0,0,0,0,0,0,0,0,0,0,0,0,0,0,0,0,0,0,0,0,0,1,0,0,0,0,0,0,0,0,0,0,0,0,0,0,0,0,0,0,0,0,0,0,0,0,0,0,0,0,0,0,0,0,0,0,0,0,0,0,0,0,0,0,0,0,0,0,0,0,0,0,0,0,0,0,0,0,0,0,0,0,0,0,0,0,0,0,1,0,0,0
2015,8,25,2,6,1	0,0,0,0,0,0,0,0,0,0,0,0,0,0,0,0,0,0,0,0,0,0,0,0,0,0,0,0,0,0,0,0,0,0,0,0,0,0,0,0,0,0,0,0,0,0,0,0,0,0,0,0,0,0,0,0,0,0,1,0,0,0,0,0,0,0,0,0,0,0,0,0,0,0,0,0,0,0,0,0,0,0,0,0,0,0,0,0,0,0,0,0,0,0,0,0,0,0,0,0,0,0,0,0,0,0,0,0,0,0,0,0,0,0,0,0,0,0,0,0,0,0,0,0,0,0,0,0,0
2015,8,30,2,6,1	0,0,0,0,0,0,0,0,0,0,0,0,0,0,0,0,0,0,0,0,0,0,0,0,0,0,0,0,0,0,0,0,0,0,0,0,0,0,0,0,0,0,0,0,0,0,0,0,0,0,0,0,0,0,0,0,0,0,0,0,0,0,0,0,0,0,0,0,0,0,0,0,0,0,0,0,0,0,0,0,0,0,0,0,0,0,0,0,0,0,0,0,0,0,0,0,0,0,0,0,0,0,0,0,0,0,0,0,0,0,0,0,0,0,0,0,0,0,0,0,0,0,0,0,0,1,0,0,0
2015,8,24,2,6,1	0,0,0,0,0,0,0,0,0,0,0,0,0,0,0,0,0,0,0,0,0,0,1,0,0,0,0,0,0,0,0,0,0,0,0,0,0,0,0,0,0,0,0,0,0,0,1,0,0,0,0,0,0,0,0,0,0,0,2,0,0,0,0,0,0,0,0,0,0,0,0,0,0,0,0,0,0,0,0,0,0,0,0,0,0,0,0,0,0,0,0,0,0,0,0,0,0,0,0,0,0,0,0,0,0,0,0,0,0,0,0,0,0,0,0,0,0,0,0,0,0,0,0,0,0,0,0,0,1
2015,8,31,2,6,1	0,0,0,0,0,0,0,0,0,0,0,0,0,0,1,0,0,0,0,0,0,0,0,0,0,0,0,0,0,0,0,0,0,0,0,0,0,0,0,0,0,0,0,0,0,1,0,0,0,0,0,0,0,0,0,0,0,0,0,0,0,0,0,0,0,0,0,0,0,0,0,0,0,0,0,0,0,0,0,0,0,0,0,0,0,0,0,0,0,0,1,0,0,0,0,0,0,0,0,0,0,0,0,0,0,0,0,0,0,0,0,0,0,0,0,0,0,0,0,0,0,0,0,0,0,0,0,0,0
2015,8,18,2,6,1	0,0,0,0,0,1,0,0,0,0,0,0,0,0,0,0,0,0,0,0,0,0,0,0,0,0,0,0,0,0,0,0,0,0,0,0,0,0,0,0,0,0,0,0,0,0,0,0,0,0,0,0,0,0,0,0,0,0,0,0,0,0,0,0,0,0,0,0,0,0,0,0,0,0,0,0,0,0,0,0,0,0,0,0,0,0,0,0,0,0,0,0,0,0,0,0,0,0,0,0,0,0,0,0,0,0,0,0,0,0,0,0,0,0,0,0,0,0,0,0,0,0,0,0,0,0,0,0,0
