2015,1,31,1,1 	15274 53929 964891.366667 97288.0 195472.35 527 68676 821614.3 16891.5 34486.5 85611.97 0.0 20285.7 984459.910001 33077 35690 185 250 1 0 0 69174 29 5598.49 69203
2015,5,20,1,1 	10962 38718 779677.216667 68349.0 141298.54 332 49348 616770.79 20987.5 24745.5 63261.27 0.0 14827.2 746236.1 23648 25752 121 155 4 0 0 49641 39 5629.27 49680
2015,5,22,1,1 	12903 46139 895135.966667 80686.0 169675.64 424 58618 730465.61 26378.5 29479.54 71882.49 0.0 17636.1 882067.140001 27061 31647 151 182 1 0 0 59016 26 6206.35 59042
2015,5,24,1,1 	12197 43203 779551.15 78137.0 173920.31 368 55032 682057.94 14458.5 27626.0 63747.3 0.0 16550.1 809458.21 24453 30602 159 185 1 0 0 55372 28 5006.24 55400
2015,5,26,1,1 	9455 33603 631208.2 58257.0 121340.28 339 42719 521154.66 17300.0 21435.0 50870.62 0.0 12848.4 628000.72 19285 23533 119 120 1 0 0 43045 13 4390.04 43058
2015,5,28,1,1 	10968 39737 773337.616667 69080.0 143416.06 353 50352 623884.64 21463.0 25270.5 64898.93 0.0 15135.6 756010.83 24267 26138 140 159 1 0 0 50683 22 5354.6 50705
2015,5,13,1,1 	10976 39363 755062.233333 68738.0 139816.28 296 50043 606075.6 21484.5 25093.0 62165.36 0.0 15038.4 735762.45 23653 26384 115 185 2 0 0 50320 19 5891.67 50339
2015,6,29,1,1 	8705 31345 556294.3 54772.0 114668.61 275 39775 479680.27 16206.5 19939.5 46478.22 0.0 11957.1 578626.77 17603 22165 135 146 1 0 0 40034 16 4359.22 40050
2015,3,8,1,1 	12150 43865 884313.533333 78751.0 170526.51 288 55727 690473.3 13846.5 27929.0 65588.16 0.0 16621.2 819342.39 24994 30710 122 188 1 0 0 55990 25 4912.81 56015
2015,6,21,1,1 	12316 46543 831554.583333 83511.0 175187.57 940 57919 717589.8 13602.0 29333.5 65811.51 0.0 17581.2 849910.89 25278 33199 202 179 1 0 0 58841 18 5974.25 58859
2015,3,6,1,1 	13315 48939 977058.35 85721.0 166980.36 423 61831 757788.3 29007.5 31050.5 71668.4 0.0 18508.5 913172.300001 27250 34623 124 256 1 0 0 62244 10 5174.56 62254
2015,6,23,1,1 	10067 36139 663301.45 63020.0 124746.79 430 45776 544410.62 19457.0 23020.0 53837.14 0.0 13805.7 658861.65 20804 25082 165 152 3 0 0 46184 22 4311.86 46206
2015,3,4,1,1 	10756 39531 713420.733333 68513.0 133591.56 222 50065 587152.8 21075.5 25063.0 56764.7 0.0 14967.6 709574.67 22585 27421 110 169 2 0 0 50269 18 4585.45 50287
2015,6,25,1,1 	10864 39420 755737.583333 68322.0 139952.3 365 49919 611081.34 21315.5 25049.0 61889.9 0.0 15024.0 739407.81 23073 26924 156 129 2 0 0 50267 17 5025.57 50284
2015,3,2,1,1 	10131 35117 620412.616667 61972.0 121457.43 247 45001 525904.4 18891.5 22530.5 47417.49 0.0 13455.9 632157.01 18621 26383 116 127 1 0 0 45224 24 3997.36 45248
2015,6,27,1,1 	15377 57826 1045936.13333 103104.0 208898.27 429 72774 876495.99 17043.5 36493.5 88270.68 0.0 21884.1 1047082.56 34541 38255 198 209 0 0 0 73168 35 6881.72 73203
2015,4,5,1,1 	12577 44670 789638.666667 81178.0 173846.55 358 56889 685178.72 14175.0 28531.5 62573.61 0.0 17092.5 812173.6 25044 31854 153 195 1 0 0 57224 23 4611.71 57247
2015,1,28,1,1 	9158 32122 542482.783333 56438.0 106349.22 296 40984 461727.7 17197.5 20549.5 47676.89 0.0 12076.8 563267.45 18909 22099 124 147 1 0 0 41255 25 4076.05 41280
2015,1,24,1,1 	12669 44714 775877.35 80711.0 164321.77 373 57010 666645.1 14335.0 28612.5 69999.34 0.0 16803.9 801013.24 28456 28639 115 172 1 0 0 57370 13 4643.93 57383
2015,1,26,1,1 	6837 22106 425285.65 38878.0 73528.76 192 28751 330556.4 7601.0 14397.0 30416.72 0.0 8497.2 394212.13 11993 16703 104 141 2 0 0 28930 13 2780.31 28943
2015,1,20,1,1 	8705 30991 522831.433333 53582.0 106297.42 232 39464 454914.3 16190.0 19779.5 45782.4 0.0 11508.3 1541751.75 18294 21164 113 124 1 0 0 39692 4 3637.3 39696
2015,1,22,1,1 	9749 35204 593224.666667 61134.0 121199.0 321 44632 516380.5 19158.5 22396.5 53557.96 0.0 13127.4 628881.14 21807 22884 133 128 1 0 0 44933 20 4281.42 44953
2015,2,25,1,1 	10684 38751 709204.666667 67378.0 131803.23 273 49162 581386.81 20953.0 24646.5 56464.01 0.0 14695.5 702563.82 22013 27131 109 177 5 0 0 49419 16 4439.76 49435
2015,2,27,1,1 	14367 52405 997899.933333 92131.0 179067.98 401 66371 796206.4 30634.8 33285.5 74812.92 0.0 19839.0 960272.900001 28613 37716 148 292 3 0 0 66747 25 5477.93 66772
2015,2,21,1,1 	13569 49115 935203.533333 87843.0 177951.72 404 62280 756003.52 14405.5 31252.0 75361.04 0.0 18591.3 900934.180001 28912 33419 143 207 3 0 0 62665 19 5343.6 62684
2015,2,23,1,1 	11036 40362 707782.416667 70944.0 133137.55 247 51151 584444.1 22432.5 25610.5 55403.23 0.0 15271.2 707253.62 22344 28702 149 201 2 0 0 51377 21 4123.4 51398
2015,6,30,1,1 	8974 32612 580958.5 57074.0 116205.82 285 41301 497661.56 17664.5 20726.0 50475.63 0.0 12430.5 603413.02 19066 22290 116 112 2 0 0 41568 18 4449.67 41586
2015,2,9,1,1 	9587 32508 536605.466667 56955.0 107358.95 305 41790 459441.5 17130.0 20978.5 43334.62 0.0 12466.8 557661.27 18129 23696 127 140 3 0 0 42087 8 4349.87 42095
2015,2,7,1,1 	14263 51395 951342.783333 92225.0 190685.71 427 65231 796932.3 16161.5 32726.0 80690.56 0.0 19363.8 950963.590001 31165 34103 170 216 4 0 0 65632 26 5128.82 65658
2015,2,5,1,1 	11616 41939 734745.883333 73363.0 136312.62 380 53175 608636.6 23919.0 26692.5 58593.19 0.0 15797.4 737954.41 24053 29160 138 204 0 0 0 53538 17 4354.04 53555
2015,2,3,1,1 	10567 36476 714562.8 63421.0 122280.78 477 46566 556969.7 19708.0 23440.0 50003.12 0.0 13830.0 667783.51 19609 27106 144 179 5 0 0 47026 17 3858.81 47043
2015,2,1,1,1 	12537 44141 749180.95 79826.0 169812.68 536 56142 677174.5 13923.0 28253.0 70575.37 0.0 16631.1 811278.99 27795 28592 124 166 1 0 0 56653 25 4752.82 56678
2015,3,13,1,1 	13655 48473 936195.033333 85768.0 171135.85 442 61686 748201.4 28705.5 30966.0 70569.03 0.0 18475.8 902820.760001 27592 34118 151 265 2 0 0 62113 15 5957.53 62128
2015,6,9,1,1 	9568 34435 649412.033333 59629.0 122905.85 296 43707 529428.9 17651.5 21924.5 53038.13 0.0 13139.1 640867.18 20204 23552 107 139 1 0 0 43983 20 5674.02 44003
2015,6,3,1,1 	10742 38049 745983.3 66862.0 133588.0 341 48450 589280.23 20818.5 24324.0 58587.87 0.0 14577.9 712418.21 22041 26455 142 152 1 0 0 48773 18 4814.84 48791
2015,6,1,1,1 	10862 39019 686770.8 68313.0 131223.3 333 49548 570277.75 20057.0 24855.5 56330.7 0.0 14897.7 690979.37 21945 27636 132 163 5 0 0 49855 26 4531.46 49881
2015,6,7,1,1 	13618 48941 933501.45 88631.0 196373.44 399 62160 795352.68 16451.0 31193.0 78399.63 0.0 18696.6 947590.330001 29218 32951 137 249 4 0 0 62522 37 7468.97 62559
2015,6,5,1,1 	13162 48639 962940.083333 84589.0 174590.96 403 61398 761625.1 27658.5 30803.5 77426.11 0.0 18462.3 924351.640001 29002 32440 165 192 2 0 0 61780 21 8370.89 61801
2015,3,26,1,1 	11226 40283 744814.733333 70050.0 139526.92 395 51114 602946.33 21829.0 25652.5 59416.08 0.0 15348.9 730357.09 23801 27366 126 215 1 0 0 51481 28 5192.98 51509
2015,4,23,1,1 	12029 42098 804721.566667 73755.0 145738.58 375 53752 640037.71 23969.0 26983.0 67231.29 0.0 16164.0 779747.84 25854 27962 137 171 3 0 0 54114 13 5367.26 54127
2015,6,10,1,1 	10172 36683 711231.983333 63348.0 130434.79 308 46547 563826.43 19539.5 23338.0 55821.51 0.0 13983.3 681402.74 21493 25032 134 192 4 0 0 46841 14 4865.67 46855
2015,6,12,1,1 	13192 47741 937267.45 83988.0 171779.84 405 60528 748118.37 27540.0 30370.5 74284.36 0.0 18200.7 906619.810001 28035 32499 177 220 2 0 0 60913 20 8102.9 60933
2015,6,14,1,1 	13514 48460 888301.733333 87899.0 188429.72 339 61635 762229.27 16671.5 30900.5 73055.86 0.0 18519.9 906770.640001 28070 33534 170 199 1 0 0 61953 21 5345.86 61974
2015,1,8,1,1 	10330 36095 592480.733333 63785.0 118577.46 374 46051 512671.8 19971.5 23138.5 49038.45 0.0 13371.9 622069.67 21107 25031 112 172 3 0 0 46416 9 3905.82 46425
2015,6,16,1,1 	9583 34606 635985.533333 60472.0 120584.19 206 43983 523968.91 18358.0 22015.0 53728.36 0.0 13189.8 635657.06 20417 23522 123 126 1 0 0 44175 14 4393.52 44189
2015,6,18,1,1 	10536 38048 732440.866667 66028.0 135066.37 300 48284 587292.65 20274.0 24200.5 60175.98 0.0 14508.0 711760.82 22563 25684 161 174 2 0 0 48555 29 5305.33 48584
2015,1,4,1,1 	9027 31462 515504.416667 56677.0 118729.9 235 40254 469174.5 9467.0 20185.5 42467.1 0.0 11473.8 555815.89 17801 22503 85 99 1 0 0 40464 25 3083.09 40489
2015,1,6,1,1 	8767 30648 519231.416667 54289.0 98548.16 320 39095 431196.4 16540.5 19647.0 39644.68 0.0 11362.8 521337.17 16883 22274 120 134 4 0 0 39412 3 2972.27 39415
2015,1,2,1,1 	9401 32723 538046.75 58221.0 115657.15 287 41837 473571.1 19539.5 20972.5 39661.22 0.0 11886.9 568986.5 16812 24999 142 168 3 0 0 42115 9 3388.94 42124
2015,3,24,1,1 	9671 34608 617167.383333 60209.0 118984.45 230 44049 512047.28 17985.5 22061.5 49826.59 0.0 13191.9 619013.74 19938 24055 132 151 3 0 0 44270 9 3936.97 44279
2015,2,18,1,1 	10132 36630 625117.416667 64312.0 125248.34 318 46444 540257.4 20299.5 23303.0 54104.37 0.0 13872.3 656081.42 20912 25575 105 166 4 0 0 46746 16 4273.42 46762
2015,4,21,1,1 	9684 33917 644013.15 59486.0 119970.91 264 43337 519526.44 17766.0 21718.5 52415.63 0.0 13015.8 629087.3 20131 23193 126 149 2 0 0 43589 12 4662.35 43601
2015,2,14,1,1 	15930 58671 1119251.56667 104349.0 221729.44 511 74090 926546.1 17868.0 37191.0 90968.94 0.0 22090.2 1101231.97 34786 39375 167 272 1 0 0 74575 26 6619.21 74601
2015,2,16,1,1 	10316 35241 562806.316667 62798.0 129432.82 269 45288 520602.9 8208.0 22715.5 53821.8 0.0 13515.3 622967.74 21643 23648 100 163 3 0 0 45538 19 4119.09 45557
2015,2,10,1,1 	9738 34543 612585.183333 59752.0 115973.49 348 43933 510559.1 18801.5 22063.5 49485.45 0.0 13110.0 618085.81 19769 24255 95 160 2 0 0 44273 8 4086.76 44281
2015,2,12,1,1 	11538 41544 725948.933333 71801.0 142873.2 416 52666 618891.1 23124.0 26450.0 61932.64 0.0 15714.6 751007.28 24813 27966 147 154 2 0 0 53062 20 4930.28 53082
2015,5,8,1,1 	13433 48220 930067.533333 84799.0 174311.65 444 61209 760607.36 27891.0 30721.0 86334.78 0.0 18399.3 930518.880001 27840 33425 169 219 0 0 0 61631 22 6505.05 61653
2015,5,2,1,1 	17180 62526 1207419.33333 112438.0 237325.57 461 79245 989776.15 20344.0 39739.5 95848.6 0.0 23808.0 1177142.17 36358 42919 201 227 1 0 0 79678 28 7609.92 79706
2015,5,4,1,1 	9860 33994 636106.516667 59761.0 122206.67 289 43565 520902.75 17513.0 21841.5 48438.77 0.0 13080.3 626461.13 18825 24743 145 138 3 0 0 43838 16 4660.86 43854
2015,5,6,1,1 	10680 38235 724924.066667 67028.0 137001.76 368 48547 586413.35 19959.5 24375.5 59360.37 0.0 14602.5 709777.39 23054 25602 120 139 0 0 0 48894 21 5045.72 48915
2015,5,19,1,1 	10509 35970 690860.516667 63627.0 131700.96 313 46166 572215.39 18884.0 23165.0 59201.11 0.0 13880.7 692495.52 21886 24352 114 126 1 0 0 46468 11 5138.25 46479
2015,4,10,1,1 	12876 44568 824773.183333 78872.0 163428.08 707 56737 681930.85 26030.5 28632.0 68585.04 0.0 17132.7 828182.630001 26668 30389 196 186 5 0 0 57436 8 5886.17 57444
2015,4,16,1,1 	11467 40102 766594.366667 70597.0 144887.91 345 51224 623012.45 21975.5 25753.04 64045.95 0.0 15406.2 755866.42 24225 27036 133 170 5 0 0 51557 12 5694.16 51569
2015,4,14,1,1 	9378 33237 610682.133333 57968.0 117293.64 404 42211 504451.71 17207.5 21236.5 49940.53 0.0 12709.2 610510.78 19500 22850 133 131 1 0 0 42597 18 4983.28 42615
2015,5,11,1,1 	9899 34859 653433.1 61513.0 126910.68 340 44418 546824.02 17822.5 22308.5 51488.19 0.0 13366.2 656767.03 19439 25049 113 155 2 0 0 44742 16 4948.18 44758
2015,4,18,1,1 	16309 57382 1150462.5 102944.0 226342.05 454 73237 951747.79 18481.5 36751.5 96333.19 0.0 22016.1 1133815.51 35308 37970 168 243 2 0 0 73679 12 8469.41 73691
2015,5,15,1,1 	13407 48691 1005071.26667 85773.0 182081.7 422 61676 794574.83 28399.0 30943.75 82474.4 0.0 18555.0 962690.530001 29732 32030 167 168 1 0 0 62069 29 7709.62 62098
2015,5,17,1,1 	12835 47388 904811.383333 84490.0 192327.89 326 59897 774085.11 14405.0 30036.5 79704.39 0.0 18001.2 923707.880001 28556 31384 122 158 3 0 0 60192 31 7427.66 60223
2015,1,15,1,1 	10088 36508 638717.866667 63971.0 125827.45 358 46238 538648.0 19970.5 23205.5 54715.4 0.0 13470.0 654327.75 21699 24624 132 141 0 0 0 46582 14 4339.74 46596
2015,4,25,1,1 	16482 57222 1140600.41667 103450.0 219942.81 472 73232 927679.46 18779.0 36758.5 93527.96 0.0 22008.3 1106672.54 35050 38250 179 224 1 0 0 73673 31 7916.2 73704
2015,3,22,1,1 	13296 47274 844279.866667 85221.0 180972.31 304 60266 729222.2 15508.5 30176.0 69720.66 0.0 18012.0 867861.040001 27396 32809 155 205 5 0 0 60547 23 5258.47 60570
2015,1,13,1,1 	9638 34331 567150.416667 59689.0 112831.37 320 43649 488142.7 18759.0 21906.8 47640.79 0.0 12735.9 592797.75 19714 24007 115 131 2 0 0 43954 15 3655.37 43969
2015,4,27,1,1 	9761 33438 623540.25 58234.0 119806.78 275 42924 504633.46 17426.0 21520.0 49849.15 0.0 12895.5 610559.23 19299 23643 115 140 2 0 0 43191 8 4238.8 43199
2015,1,17,1,1 	13782 49369 867788.216667 90144.0 181525.18 399 62752 745787.6 15845.0 31484.0 72796.68 0.0 18235.5 889583.300001 29827 32998 137 188 1 0 0 63125 26 5478.12 63151
2015,1,11,1,1 	10986 38140 657647.583333 69446.0 146754.84 322 48804 581966.0 12197.0 24502.0 58771.93 0.0 14105.7 695213.07 23886 24980 115 144 1 0 0 49113 13 3696.54 49126
2015,3,20,1,1 	13595 46638 839492.55 82243.0 157736.97 374 59859 681050.9 27490.0 30019.5 66528.39 0.0 17936.4 833673.880001 27363 32480 166 221 3 0 0 60216 17 5030.42 60233
2015,1,19,1,1 	7723 26983 437915.316667 47823.0 98886.11 204 34502 397270.51 6724.5 17295.5 45818.3 0.0 10025.4 480352.41 16539 17949 107 111 0 0 0 34698 8 3246.4 34706
2015,4,29,1,1 	10496 37162 699805.55 64191.0 128837.85 321 47337 563058.96 20393.0 23754.5 56031.62 0.0 14226.0 681959.55 22375 25029 122 132 0 0 0 47641 17 4491.52 47658
2015,4,1,1,1 	11307 39061 730030.316667 68462.0 135729.9 316 50052 589163.31 21051.0 25100.0 56701.77 0.0 15013.8 712259.57 22371 27713 135 148 1 0 0 50349 19 5257.56 50368
2015,4,3,1,1 	12834 45860 851707.366667 81048.0 167371.28 408 58286 696871.24 26928.0 29255.0 67713.56 0.0 17516.4 843963.35 26353 32012 140 189 0 0 0 58676 18 5710.44 58694
2015,3,28,1,1 	16195 58322 1072057.16667 105192.0 216748.4 410 74107 899233.83 19070.5 37143.5 90396.94 0.0 22206.0 1075367.36 35464 38601 163 286 3 0 0 74490 27 6822.19 74517
2015,4,7,1,1 	10208 35699 624079.466667 63349.0 123227.69 276 45631 520488.35 20113.0 22892.0 51380.73 0.0 13701.9 632978.99 20816 24817 129 144 1 0 0 45897 10 4421.29 45907
2015,4,9,1,1 	11212 38872 683189.983333 68613.0 141049.49 330 49754 588418.18 21718.0 24962.5 59834.41 0.0 14942.1 715298.69 23514 26266 139 165 0 0 0 50070 14 5438.01 50084
2015,3,19,1,1 	11278 39922 742475.983333 69156.0 137830.13 343 50857 591049.4 21962.0 25512.5 57526.78 0.0 15232.5 716264.83 22907 27993 120 178 2 0 0 51174 26 5001.63 51200
2015,4,30,1,1 	11351 40397 774282.083333 70789.0 143342.84 318 51430 622660.59 22336.0 25775.0 64374.43 0.0 15435.9 755837.11 24640 26815 124 166 3 0 0 51730 18 5245.79 51748
2015,3,11,1,1 	10540 38122 737353.316667 65841.0 133853.58 302 48360 585974.8 20627.5 24232.5 55462.45 0.0 14492.1 705175.6 21450 26911 141 159 1 0 0 48639 23 4432.35 48662
2015,3,17,1,1 	10793 37944 658927.583333 66783.0 126352.68 317 48420 546767.4 21070.0 24298.0 51904.29 0.0 14514.6 663065.05 21764 26660 132 179 2 0 0 48724 13 4537.75 48737
2015,3,15,1,1 	12649 46053 839407.416667 82296.0 172847.62 386 58316 698508.12 14360.5 29266.5 68224.26 0.0 17451.9 832841.25 26910 31506 127 158 1 0 0 58678 24 5062.97 58702
2015,5,31,1,1 	13476 48959 969197.3 88102.0 186694.02 457 61978 777321.91 15176.5 31113.5 77739.25 0.0 18639.9 925711.560001 29010 33095 140 189 1 0 0 62392 43 5702.89 62435
2015,4,12,1,1 	13176 46250 863202.033333 84085.0 180051.38 647 58779 723432.66 15609.5 29626.0 69886.33 0.0 17720.1 861413.130001 26835 32239 161 187 4 0 0 59404 22 5117.43 59426
2015,3,31,1,1 	11170 38544 726984.95 68127.0 130183.58 322 49392 573527.36 21313.0 24775.0 55247.63 0.0 14819.4 694105.78 22860 26572 134 146 2 0 0 49699 15 4443.65 49714
2015,1,31,1,2 	18 128 2286.76666667 183.0 1106.2 3 143 6968.0 0.0 67.0 326.86 0.0 42.3 7671.48 37 98 7 3 1 0 0 146 0 270.92 146
2015,5,20,1,2 	39 178 7636.91666667 300.0 2522.29 7 210 10608.0 0.0 102.0 976.28 0.0 61.2 12402.83 96 114 6 1 0 0 0 217 0 655.35 217
2015,5,22,1,2 	29 191 6838.56666667 296.0 2533.48 0 220 10452.0 0.0 100.5 982.46 0.0 60.3 12270.3 99 109 8 4 0 0 0 220 0 675.04 220
2015,5,24,1,2 	31 162 3408.61666667 258.0 1833.81 3 190 8900.5 0.5 86.0 649.96 0.0 51.6 10137.76 65 112 10 6 0 0 0 191 2 449.2 193
2015,5,26,1,2 	26 136 5530.5 210.0 1891.92 1 161 8112.0 0.0 78.0 921.56 0.0 46.5 9633.46 76 81 5 0 0 0 0 162 0 475.4 162
2015,5,28,1,2 	32 135 6020.38333333 231.0 1998.53 3 164 7956.0 0.0 76.5 729.38 0.0 45.9 9311.71 72 84 7 4 0 0 0 165 2 503.93 167
2015,5,13,1,2 	43 120 6140.3 216.0 1827.93 3 160 8372.0 0.0 80.5 1047.97 0.0 47.7 9957.29 84 73 4 2 0 0 0 163 0 409.12 163
2015,6,29,1,2 	26 111 3886.9 167.0 1640.46 3 134 6812.0 0.0 65.0 628.63 0.0 39.0 7980.96 60 71 4 2 0 0 0 136 1 436.33 137
2015,3,8,1,2 	21 134 3447.95 224.0 1331.98 0 155 7540.0 0.0 72.5 562.83 0.0 45.0 8521.14 61 89 2 3 0 0 0 154 1 303.81 155
2015,6,21,1,2 	22 147 5244.1 222.0 1647.08 3 166 8268.0 0.0 78.0 786.7 0.0 46.8 9600.54 63 98 6 2 0 0 0 166 3 421.04 169
2015,3,6,1,2 	31 167 5937.11666667 264.0 1908.98 2 196 9984.0 0.0 96.0 1473.55 0.0 57.9 12056.38 89 102 4 3 0 0 0 198 0 446.73 198
2015,6,23,1,2 	18 133 3552.58333333 210.0 1439.35 3 148 7748.0 0.0 74.5 609.55 0.0 44.7 8847.72 59 89 2 1 0 0 0 151 0 370.97 151
2015,3,4,1,2 	21 137 3956.91666667 234.0 1380.33 2 156 7644.0 0.0 74.0 1656.42 0.0 45.9 9746.98 70 82 6 0 0 0 0 158 0 330.46 158
2015,6,25,1,2 	35 167 5921.51666667 280.0 2188.79 3 199 9568.0 0.0 92.0 868.63 0.0 55.2 11137.03 85 104 9 4 0 0 0 201 1 554.0 202
2015,3,2,1,2 	28 116 3010.88333333 200.0 1360.27 0 144 7384.0 0.0 70.5 579.01 0.0 42.9 8422.26 55 84 5 0 0 0 0 143 1 346.45 144
2015,6,27,1,2 	37 168 5139.2 271.0 1655.78 4 201 9932.0 0.0 95.0 804.2 0.0 57.0 11315.29 75 121 7 1 1 0 0 204 1 427.09 205
2015,4,5,1,2 	16 146 2814.66666667 253.0 1573.87 0 162 7904.0 0.0 76.0 746.44 0.0 48.0 9137.68 69 90 3 0 0 0 0 162 0 365.64 162
2015,1,28,1,2 	19 121 3010.71666667 168.0 1363.23 1 139 6916.0 0.0 67.0 561.14 0.0 40.8 7959.18 60 73 5 2 0 0 0 140 0 376.84 140
2015,1,24,1,2 	22 97 1845.3 157.0 1019.36 0 119 6188.0 0.0 59.5 488.12 0.0 34.8 7033.76 44 72 2 1 0 0 0 119 0 263.34 119
2015,1,26,1,2 	14 71 2002.25 114.0 863.33 0 85 4212.0 0.0 40.5 293.98 0.0 24.6 4777.75 34 48 2 1 0 0 0 85 0 207.87 85
2015,1,20,1,2 	17 86 1952.08333333 137.0 999.18 2 101 5148.0 0.0 49.0 443.95 0.0 28.8 5955.64 41 57 3 2 0 0 0 102 1 287.09 103
2015,1,22,1,2 	22 109 2514.73333333 160.0 1211.13 1 130 6500.0 0.0 62.5 468.76 0.0 38.4 7355.68 44 79 5 3 0 0 0 131 0 287.82 131
2015,2,25,1,2 	19 102 2280.53333333 168.0 994.05 2 119 5980.0 0.0 57.0 910.14 0.0 34.8 7224.33 44 71 5 1 0 0 0 119 2 244.19 121
2015,2,27,1,2 	24 143 3083.91666667 231.0 1258.96 2 165 8112.0 0.0 78.0 1830.57 0.0 47.7 10391.19 60 100 5 2 0 0 0 167 0 326.22 167
2015,2,21,1,2 	14 128 4158.2 209.0 1185.97 0 142 6916.0 0.0 66.5 401.89 0.0 42.0 7716.34 47 90 4 1 0 0 0 141 1 293.15 142
2015,2,23,1,2 	25 172 5655.0 232.0 1437.9 2 195 9516.0 0.0 92.0 3538.95 0.0 53.4 13559.76 92 96 5 4 0 0 0 196 1 364.61 197
2015,6,30,1,2 	31 123 3801.43333333 222.0 1479.15 1 153 7488.0 0.0 71.0 493.18 0.0 42.3 8486.99 55 93 4 2 0 0 0 152 2 392.51 154
2015,2,9,1,2 	17 97 2450.73333333 164.0 1210.12 1 113 5460.0 0.0 53.0 477.85 0.0 33.3 6330.09 50 57 3 4 0 0 0 114 0 309.14 114
2015,2,7,1,2 	14 124 2055.78333333 196.0 1000.49 1 137 6656.0 0.0 62.5 495.97 0.0 40.5 7518.47 45 89 3 1 0 0 0 136 2 266.5 138
2015,2,5,1,2 	20 135 3849.03333333 203.0 1481.75 1 154 7280.0 0.0 70.5 705.31 0.0 45.9 8443.16 63 86 6 0 0 0 0 155 0 346.45 155
2015,2,3,1,2 	17 119 2890.85 180.0 1219.94 1 135 6552.0 0.0 62.5 394.7 0.0 39.9 7370.32 46 83 5 2 0 0 0 135 1 324.22 136
2015,2,1,1,2 	20 138 2203.88333333 220.0 1261.18 4 154 7696.0 0.0 74.5 538.68 0.0 46.2 8646.7 55 97 4 2 0 0 0 157 1 295.32 158
2015,3,13,1,2 	50 223 11931.5666667 364.0 3531.79 4 269 13676.0 0.0 131.0 1628.92 0.0 81.3 16420.32 160 103 9 1 0 0 0 272 1 906.1 273
2015,6,9,1,2 	30 116 3389.8 198.0 1525.96 4 142 7072.0 0.0 68.0 603.62 0.0 40.8 8183.09 68 72 4 2 0 0 0 146 0 398.67 146
2015,6,3,1,2 	29 112 5110.15 167.0 1488.77 2 139 7176.0 0.0 69.0 862.47 0.0 41.4 8544.67 63 75 1 2 0 0 0 141 0 395.8 141
2015,6,1,1,2 	32 144 4690.15 260.0 1937.92 1 175 8632.0 0.0 83.0 811.4 0.0 49.8 10123.21 76 95 3 2 0 0 0 174 2 547.01 176
2015,6,7,1,2 	26 147 3835.18333333 239.0 1671.57 6 167 8580.0 0.0 83.0 842.0 0.0 49.8 9974.7 75 93 4 1 0 0 0 172 1 421.5 173
2015,6,5,1,2 	35 160 6745.56666667 252.0 1956.13 2 193 9724.0 0.0 93.5 783.52 0.0 56.1 11138.27 82 107 3 3 0 0 0 195 0 481.15 195
2015,3,26,1,2 	35 150 4469.8 257.0 1750.41 4 181 9204.0 0.0 88.5 776.28 0.0 54.3 10561.16 75 98 7 5 0 0 0 185 0 439.28 185
2015,4,23,1,2 	36 130 4280.28333333 198.0 1714.84 6 160 8164.0 0.0 78.5 860.12 0.0 47.4 9565.1 78 78 4 6 0 0 0 166 0 415.38 166
2015,6,10,1,2 	27 128 5929.25 217.0 1765.05 2 153 7852.0 0.0 75.5 558.4 0.0 44.7 8983.8 62 86 4 3 0 0 0 153 2 453.2 155
2015,6,12,1,2 	37 151 5260.33333333 239.0 1997.33 1 187 9204.0 0.0 88.5 788.36 0.0 52.8 10595.94 77 102 6 3 0 0 0 188 0 462.28 188
2015,6,14,1,2 	31 143 3870.0 247.0 1736.84 5 169 8580.0 0.0 83.0 634.24 0.0 49.8 9797.44 70 96 5 3 0 0 0 174 0 451.2 174
2015,1,8,1,2 	16 100 2548.26666667 165.0 1114.21 0 116 5616.0 0.0 54.0 282.79 0.0 32.4 6264.89 38 73 3 2 0 0 0 116 0 281.5 116
2015,6,16,1,2 	18 129 4735.35 186.0 1544.92 0 147 7384.0 0.0 71.5 633.22 0.0 42.9 8537.28 62 81 2 2 0 0 0 147 0 406.46 147
2015,6,18,1,2 	37 155 5108.03333333 243.0 1943.08 3 189 9256.0 0.0 89.0 754.75 0.0 53.4 10665.29 83 102 4 3 0 0 0 192 0 512.14 192
2015,1,4,1,2 	18 118 3071.91666667 163.0 1619.37 0 136 6968.0 0.0 67.0 430.28 0.0 37.8 7913.49 49 86 1 0 0 0 0 136 0 410.41 136
2015,1,6,1,2 	15 99 2325.1 165.0 1053.18 0 114 5668.0 0.0 55.0 489.99 0.0 32.1 6511.76 43 67 4 0 0 0 0 114 0 268.67 114
2015,1,2,1,2 	25 126 4580.43333334 198.0 1670.23 1 150 7332.0 0.0 70.5 466.15 0.0 39.9 8331.56 50 96 4 1 0 0 0 151 0 425.41 151
2015,3,24,1,2 	24 87 2532.23333333 142.0 1146.81 2 109 5460.0 0.0 52.5 386.98 0.0 33.0 6217.71 40 67 2 2 0 0 0 111 0 287.03 111
2015,2,18,1,2 	20 131 3292.23333333 202.0 1493.82 2 149 7124.0 0.0 68.5 598.43 0.0 45.3 8199.8 62 79 8 2 0 0 0 151 0 367.77 151
2015,4,21,1,2 	28 119 5983.2 198.0 1365.12 1 146 7436.0 0.0 71.5 813.79 0.0 42.6 8701.62 67 74 5 1 0 0 0 147 0 337.73 147
2015,2,14,1,2 	32 140 2991.91666667 234.0 1576.35 2 170 8632.0 0.0 83.5 684.37 0.0 50.4 9875.13 66 99 4 3 0 0 0 171 1 427.66 172
2015,2,16,1,2 	22 116 2737.18333333 195.0 1479.73 2 136 6760.0 0.0 64.5 531.46 0.0 40.8 7748.31 61 69 5 3 0 0 0 138 0 353.95 138
2015,2,10,1,2 	23 110 2625.61666667 178.0 1180.44 0 133 6812.0 0.0 65.5 859.15 0.0 39.6 8092.29 53 76 2 2 0 0 0 133 0 316.64 133
2015,2,12,1,2 	32 121 4860.68333333 223.0 1704.45 0 153 7748.0 0.0 74.5 692.31 0.0 45.6 9016.6 71 78 3 1 0 0 0 153 0 457.39 153
2015,5,8,1,2 	32 153 5828.41666667 248.0 1908.74 5 180 9204.0 0.0 88.5 931.17 0.0 52.8 10733.0 83 97 4 1 0 0 0 185 0 456.53 185
2015,5,2,1,2 	24 164 4387.6 248.0 1448.72 0 188 8892.0 0.0 85.0 517.73 0.0 50.4 9905.23 53 124 7 4 0 0 0 185 3 360.1 188
2015,5,4,1,2 	21 120 3154.43333333 197.0 1291.21 2 139 6708.0 0.0 63.5 653.53 0.0 37.2 7783.55 53 76 8 3 1 0 0 137 4 321.32 141
2015,5,6,1,2 	30 145 4153.68333333 240.0 1970.93 2 173 8684.0 0.0 83.5 804.16 0.0 50.1 10125.9 75 93 3 4 0 0 0 175 0 504.14 175
2015,5,19,1,2 	35 130 4511.6 218.0 1844.79 2 163 8216.0 0.0 79.0 693.24 0.0 47.4 9516.79 69 92 2 2 0 0 0 165 0 481.15 165
2015,4,10,1,2 	40 147 6572.9 252.0 1845.32 2 185 9308.0 5.0 89.5 752.76 0.0 55.5 10682.32 77 98 6 6 0 0 0 187 0 473.36 187
2015,4,16,1,2 	28 120 5197.86666667 199.0 1587.53 3 145 7436.0 0.0 71.5 707.26 0.0 43.2 8644.36 67 76 4 1 0 0 0 147 1 387.8 148
2015,4,14,1,2 	22 110 4388.9 175.0 1356.45 2 130 6760.0 0.0 65.0 548.83 0.0 39.3 7746.97 54 73 2 3 0 0 0 132 0 334.44 132
2015,5,11,1,2 	33 133 4505.28333333 223.0 1812.85 3 163 8112.0 0.0 78.0 815.56 0.0 46.5 9519.88 74 82 9 1 0 0 0 166 0 467.82 166
2015,4,18,1,2 	21 153 3062.51666667 238.0 1339.71 2 172 8216.0 0.0 78.0 616.33 0.0 48.0 9336.1 56 107 7 4 0 0 0 173 1 378.97 174
2015,5,15,1,2 	51 208 9669.83333333 370.0 2781.36 3 256 12740.0 0.0 123.0 1196.32 0.0 73.8 14881.05 127 120 10 2 0 0 0 259 0 748.73 259
2015,5,17,1,2 	30 164 4746.98333333 260.0 1996.73 1 193 9776.0 0.0 94.0 839.77 0.0 56.1 11242.98 77 110 4 3 0 0 0 194 0 477.11 194
2015,1,15,1,2 	20 133 3732.16666667 179.0 1597.44 0 153 7644.0 0.0 74.0 679.48 0.0 44.1 8840.29 70 78 3 2 0 0 0 153 0 401.01 153
2015,4,25,1,2 	23 141 3997.9 206.0 1310.64 0 164 8008.0 0.0 76.0 764.76 0.0 46.2 9239.88 58 96 5 5 0 0 0 162 2 345.52 164
2015,3,22,1,2 	19 97 2425.7 166.0 1183.24 1 115 5928.0 0.0 56.5 905.94 0.0 34.2 7209.85 48 64 2 2 0 0 0 115 1 285.81 116
2015,1,13,1,2 	23 115 2521.2 180.0 1166.06 3 135 6344.0 0.0 61.0 373.74 0.0 39.3 7058.42 40 88 9 1 0 0 0 138 0 245.18 138
2015,4,27,1,2 	29 125 3423.91666667 207.0 1518.59 0 154 7384.0 0.0 71.0 1510.4 0.0 41.4 9377.98 58 87 5 4 0 0 0 152 2 371.18 154
2015,1,17,1,2 	12 124 2116.05 211.0 927.58 0 136 6448.0 0.0 62.0 372.74 0.0 38.1 7141.09 42 89 5 0 0 0 0 136 0 223.85 136
2015,1,11,1,2 	20 135 2474.58333333 212.0 1373.16 0 155 7540.0 0.0 72.5 489.3 0.0 44.1 8489.02 54 96 4 1 0 0 0 155 0 346.12 155
2015,3,20,1,2 	30 129 4816.66666667 221.0 1560.57 3 156 7488.0 0.0 72.0 620.17 0.0 46.8 8611.15 61 85 9 4 0 0 0 158 1 389.18 159
2015,1,19,1,2 	20 115 2761.56666667 180.0 1326.08 3 132 6864.0 0.0 66.5 685.51 0.0 38.1 7969.35 63 69 3 0 0 0 0 135 0 316.64 135
2015,4,29,1,2 	27 136 6548.18333334 209.0 1516.59 3 160 8060.0 0.0 77.0 638.24 0.0 45.9 9200.11 60 96 7 0 0 0 0 163 0 378.97 163
2015,4,1,1,2 	16 121 2644.31666667 181.0 1090.73 1 136 6604.0 0.0 63.0 391.94 0.0 40.2 7389.94 44 86 7 0 0 0 0 136 1 293.2 137
2015,4,3,1,2 	32 152 5705.6 256.0 1877.4 1 183 8892.0 0.0 86.0 922.25 0.0 54.0 10415.26 73 102 7 2 0 0 0 184 0 464.21 184
2015,3,28,1,2 	7 137 3047.3 181.0 762.12 0 144 6656.0 0.0 63.5 362.34 0.0 42.3 7319.45 33 103 5 3 0 0 0 143 1 200.11 144
2015,4,7,1,2 	28 136 2855.55 207.0 1298.34 2 162 8112.0 0.0 78.0 585.51 0.0 47.4 9129.29 60 95 8 1 0 0 0 164 0 307.58 164
2015,4,9,1,2 	18 124 4595.28333334 188.0 1581.71 5 137 7020.0 0.0 68.0 529.07 0.0 42.3 8074.74 61 75 3 3 0 0 0 142 0 417.97 142
2015,3,19,1,2 	19 140 5466.53333334 209.0 1664.5 2 157 8060.0 0.0 77.5 718.65 0.0 47.7 9291.74 72 86 0 1 0 0 0 159 0 389.09 159
2015,4,30,1,2 	28 136 5650.08333333 221.0 1672.61 4 160 8320.0 0.0 81.0 2437.8 0.0 47.1 11323.8 79 83 1 1 0 0 0 164 0 439.5 164
2015,3,11,1,2 	18 151 6909.4 242.0 1849.24 2 167 8632.0 0.0 83.5 1468.31 0.0 50.7 10696.82 76 91 2 0 0 0 0 169 0 463.71 169
2015,3,17,1,2 	19 131 3166.26666667 208.0 1468.1 1 149 6968.0 0.0 67.0 560.8 0.0 44.4 8036.24 56 86 6 2 0 0 0 150 0 400.84 150
2015,3,15,1,2 	21 164 3883.83333333 273.0 1984.94 0 185 9152.0 0.0 88.0 969.08 0.0 55.2 10682.65 92 88 3 2 0 0 0 185 0 421.07 185
2015,5,31,1,2 	22 170 4888.16666667 280.0 1900.77 3 189 9360.0 0.0 90.0 852.83 0.0 54.0 10863.22 83 102 6 1 0 0 0 192 0 506.39 192
2015,4,12,1,2 	13 162 4398.4 255.0 1499.06 1 174 8164.0 0.0 78.0 446.75 0.0 48.9 9103.35 51 116 5 3 0 0 0 174 1 368.1 175
2015,3,31,1,2 	28 121 3346.73333333 197.0 1428.63 0 149 7072.0 0.0 68.0 447.65 0.0 44.4 7973.46 45 91 10 3 0 0 0 148 1 345.81 149
2015,1,31,1,3 	15 24 831.683333333 52.0 356.39 0 39 1746.0 5.5 0.0 256.48 0.0 11.7 2208.74 18 18 2 1 0 0 0 38 1 189.06 39
2015,5,20,1,3 	13 52 1577.75 87.0 588.92 0 65 2998.5 19.5 0.0 3555.23 0.0 17.4 6867.99 38 23 4 0 0 0 0 65 0 277.36 65
2015,5,22,1,3 	16 55 1972.08333333 91.0 736.0 2 69 3448.5 13.0 0.0 4893.55 0.0 19.5 8717.1 44 20 6 1 0 0 0 71 0 342.55 71
2015,5,24,1,3 	17 37 793.333333333 63.0 380.45 3 51 2025.5 8.5 0.0 2146.32 0.0 13.8 4336.87 23 22 7 2 0 0 0 54 0 142.75 54
2015,5,26,1,3 	14 53 1696.35 109.0 624.18 2 65 2997.5 13.0 0.0 3866.28 0.0 16.5 7167.69 35 25 3 4 0 0 0 67 0 274.41 67
2015,5,28,1,3 	13 60 1211.2 89.0 398.75 0 73 2566.0 44.0 0.0 5579.34 0.0 19.2 8422.45 40 27 5 1 0 0 0 73 0 213.91 73
2015,5,13,1,3 	19 37 1448.93333333 90.0 598.69 0 56 2743.0 20.0 0.0 358.03 0.0 15.9 3423.31 24 27 5 0 0 0 0 55 1 286.38 56
2015,6,29,1,3 	14 36 1171.81666667 74.0 528.42 0 50 2352.0 19.5 0.0 335.38 0.0 13.8 2925.95 19 24 3 4 0 0 0 50 0 205.27 50
2015,3,8,1,3 	9 33 735.683333333 73.0 265.88 1 41 1514.5 4.5 0.0 390.91 0.0 12.3 2069.92 13 22 6 1 0 0 0 42 0 148.91 42
2015,6,21,1,3 	12 35 1110.68333333 56.0 522.8 2 45 2349.0 5.5 0.0 220.18 0.0 14.1 2864.07 17 25 3 2 0 0 0 47 0 275.29 47
2015,3,6,1,3 	11 48 1443.41666667 79.0 507.45 1 58 2630.5 18.5 0.0 1207.75 0.0 15.6 4144.14 30 27 1 1 0 0 0 59 0 272.09 59
2015,6,23,1,3 	19 27 870.15 59.0 437.28 2 44 1967.5 17.0 0.0 311.53 0.0 13.2 2530.53 15 22 5 2 2 0 0 46 0 221.3 46
2015,3,4,1,3 	9 29 607.766666667 55.0 248.65 0 38 1412.5 18.0 0.0 510.18 0.0 10.5 2086.04 17 16 2 3 0 0 0 38 0 135.16 38
2015,6,25,1,3 	14 33 1303.95 70.0 504.42 2 45 2325.5 16.5 0.0 289.59 0.0 13.5 2866.21 15 26 3 3 0 0 0 47 0 221.12 47
2015,3,2,1,3 	7 26 865.266666667 47.0 434.98 0 33 1808.0 7.0 0.0 230.55 0.0 9.9 2238.15 16 14 3 0 0 0 0 33 0 182.7 33
2015,6,27,1,3 	14 30 2492.61666666 68.0 490.32 0 44 2031.5 9.5 0.0 203.82 0.0 12.0 2505.27 18 17 7 1 1 0 0 44 0 248.45 44
2015,4,5,1,3 	13 20 906.266666667 44.0 425.49 0 33 1834.0 4.0 0.0 246.44 0.0 9.9 2271.0 13 18 1 1 0 0 0 33 0 176.66 33
2015,1,28,1,3 	6 27 294.3 43.0 149.84 0 33 1059.0 17.0 0.0 60.81 0.0 9.3 1202.19 6 24 1 2 0 0 0 33 0 56.08 33
2015,1,24,1,3 	10 21 562.95 51.0 273.56 0 31 1289.5 6.0 0.0 159.29 0.0 9.3 1618.09 13 14 3 1 0 0 0 31 0 154.0 31
2015,1,26,1,3 	3 29 1058.86666667 45.0 421.7 0 32 1770.5 6.5 0.0 296.65 0.0 9.6 2281.49 13 16 2 1 0 0 0 32 0 199.44 32
2015,1,20,1,3 	14 17 504.266666667 41.0 246.87 0 31 1265.5 12.0 0.0 289.28 0.0 9.3 1688.91 12 16 2 1 0 0 0 31 0 112.83 31
2015,1,22,1,3 	14 28 787.566666667 56.0 355.25 0 42 1774.0 17.0 0.0 195.83 0.0 12.0 2149.11 13 23 5 1 0 0 0 42 0 150.28 42
2015,2,25,1,3 	9 28 704.133333333 46.0 294.08 0 37 1522.5 9.5 0.0 438.96 0.0 11.1 2121.67 14 20 1 2 0 0 0 37 0 140.21 37
2015,2,27,1,3 	12 34 1392.68333333 56.0 549.16 0 46 2477.5 16.0 0.0 426.95 0.0 13.5 3209.07 26 16 3 1 0 0 0 46 0 275.12 46
2015,2,21,1,3 	8 31 835.5 53.0 292.01 1 38 1537.0 4.5 0.0 253.71 0.0 11.7 1959.28 19 15 4 1 0 0 0 39 0 153.57 39
2015,2,23,1,3 	13 44 962.466666667 61.0 358.15 0 57 2035.0 12.0 0.0 1729.42 0.0 14.7 3949.85 36 14 6 1 0 0 0 57 0 159.33 57
2015,6,30,1,3 	21 36 1321.6 82.0 576.69 2 55 2514.5 19.0 0.0 247.22 0.0 15.9 3057.7 23 22 9 2 1 0 0 57 0 261.08 57
2015,2,9,1,3 	10 22 636.2 48.0 305.61 0 32 1430.0 11.0 0.0 182.19 0.0 9.3 1786.9 13 13 3 3 0 0 0 32 0 154.41 32
2015,2,7,1,3 	10 26 854.083333333 47.0 361.98 1 35 1689.0 6.0 0.0 166.55 0.0 10.2 2023.04 13 18 5 0 0 0 0 36 0 151.89 36
2015,2,5,1,3 	7 23 955.266666667 56.0 279.13 0 30 1489.5 15.0 0.0 179.88 0.0 9.0 1816.74 13 16 0 1 0 0 0 30 0 123.36 30
2015,2,3,1,3 	16 15 1110.83333333 36.0 426.38 2 29 1818.0 9.0 0.0 195.61 0.0 9.3 2199.34 17 11 3 0 0 0 0 31 0 167.43 31
2015,2,1,1,3 	11 30 579.25 51.0 269.32 1 40 1455.0 3.5 0.0 680.91 0.0 12.0 2322.14 18 17 5 1 0 0 0 41 0 171.33 41
2015,3,13,1,3 	21 38 1350.56666667 74.0 544.94 0 59 2677.5 20.0 0.0 384.29 0.0 17.4 3308.54 22 29 6 2 0 0 0 59 0 209.95 59
2015,6,9,1,3 	14 32 1005.31666667 64.0 419.35 0 46 2024.5 9.5 0.0 200.56 0.0 12.6 2412.4 13 30 3 0 0 0 0 46 0 165.24 46
2015,6,3,1,3 	15 31 1446.43333333 57.0 565.22 0 46 2468.0 15.5 0.0 244.44 0.0 13.2 2963.88 16 24 5 1 0 0 0 46 0 222.74 46
2015,6,1,1,3 	15 41 2608.26666666 87.0 520.42 2 54 2505.0 15.5 0.0 318.68 0.0 15.9 3128.86 17 30 8 1 0 0 0 56 0 268.78 56
2015,6,7,1,3 	14 41 1622.78333333 76.0 684.43 1 54 3028.5 8.0 0.0 384.32 0.0 16.2 3791.74 29 19 7 0 0 0 0 54 1 354.72 55
2015,6,5,1,3 	16 30 1664.71666667 63.0 470.96 2 44 2356.5 16.0 0.0 480.73 0.0 12.6 3106.33 20 17 9 0 0 0 0 46 0 240.5 46
2015,3,26,1,3 	11 31 833.15 57.0 313.18 2 40 1715.0 17.0 0.0 475.45 0.0 12.3 2393.97 21 17 3 1 0 0 0 41 1 174.82 42
2015,4,23,1,3 	13 35 1158.6 69.0 391.82 0 48 2071.5 18.5 0.0 282.95 0.0 13.8 2563.02 20 22 5 1 0 0 0 48 0 176.87 48
2015,6,10,1,3 	21 21 786.733333333 53.0 298.69 2 40 1686.5 10.0 0.0 181.14 0.0 12.3 2071.23 17 19 2 4 0 0 0 42 0 181.29 42
2015,6,12,1,3 	12 40 1600.45 69.0 566.87 0 52 2614.5 16.5 0.0 275.36 0.0 14.4 3210.48 20 28 4 0 0 0 0 52 0 289.72 52
2015,6,14,1,3 	10 33 1214.38333333 66.0 532.79 0 43 2334.0 7.5 0.0 334.28 0.0 12.9 3002.04 25 14 3 1 0 0 0 43 0 313.36 43
2015,1,8,1,3 	8 26 669.683333333 55.0 316.77 2 32 1541.0 12.0 0.0 198.44 0.0 9.3 1937.32 15 18 1 0 0 0 0 34 0 176.58 34
2015,6,16,1,3 	14 28 987.95 58.0 477.47 2 40 2122.0 17.5 0.0 260.95 0.0 12.6 2604.4 18 20 2 2 0 0 0 42 0 191.35 42
2015,6,18,1,3 	17 28 953.366666666 60.0 429.58 2 43 2075.0 14.5 0.0 206.21 0.0 13.5 2467.25 13 26 5 1 0 0 0 45 0 158.04 45
2015,1,4,1,3 	16 42 1217.18333333 85.0 551.66 1 57 2633.5 9.0 0.0 852.83 0.0 16.2 3746.96 32 24 1 1 0 0 0 58 0 235.33 58
2015,1,6,1,3 	10 17 643.916666667 37.0 330.89 0 27 1416.5 11.0 0.0 148.47 0.0 7.8 1711.35 12 12 0 3 0 0 0 27 0 127.58 27
2015,1,2,1,3 	15 29 806.4 60.0 360.97 0 44 1812.5 15.0 0.0 154.59 0.0 12.9 2180.65 15 23 5 1 0 0 0 44 0 186.26 44
2015,3,24,1,3 	16 30 785.583333333 71.0 316.3 1 45 1768.0 8.5 0.0 229.1 0.0 13.8 2172.09 14 24 7 1 0 0 0 46 0 153.29 46
2015,2,18,1,3 	13 21 900.416666667 54.0 351.66 0 34 1673.5 7.5 0.0 181.25 0.0 10.2 2050.84 13 16 3 2 0 0 0 34 0 178.99 34
2015,4,21,1,3 	15 19 579.483333333 54.0 253.99 1 33 1283.5 9.0 0.0 119.37 0.0 9.6 1548.12 10 16 5 2 1 0 0 34 0 127.25 34
2015,2,14,1,3 	19 34 1395.8 86.0 632.56 0 53 2703.5 5.5 0.0 331.02 0.0 15.9 3403.2 28 18 6 1 0 0 0 53 0 347.88 53
2015,2,16,1,3 	16 37 1019.1 61.0 525.9 1 52 2387.0 7.0 0.0 190.03 0.0 15.3 2805.42 18 31 4 0 0 0 0 53 0 206.69 53
2015,2,10,1,3 	12 27 784.6 68.0 341.24 0 39 1694.5 11.0 0.0 431.26 0.0 11.7 2301.27 18 16 3 2 0 0 0 39 0 152.81 39
2015,2,12,1,3 	13 23 837.366666667 43.0 315.79 1 35 1644.0 11.5 0.0 217.99 0.0 10.8 2070.11 16 16 3 0 1 0 0 36 0 185.82 36
2015,5,8,1,3 	14 42 1338.28333333 71.0 512.28 0 56 2559.0 24.0 0.0 343.84 0.0 16.2 3209.49 25 26 5 0 0 0 0 56 0 266.45 56
2015,5,2,1,3 	23 57 1685.75 109.0 625.44 1 79 3315.5 12.0 0.0 2014.15 0.0 21.0 5586.23 49 22 8 1 0 0 0 80 0 223.58 80
2015,5,4,1,3 	17 28 598.516666667 50.0 223.7 0 45 1550.5 11.0 0.0 3558.62 0.0 12.9 5249.6 25 14 5 1 0 0 0 45 0 116.58 45
2015,5,6,1,3 	13 27 791.483333333 59.0 381.35 0 40 1748.5 10.5 0.0 252.1 0.0 10.8 2245.38 18 17 2 3 0 0 0 40 0 223.48 40
2015,5,19,1,3 	21 54 1736.98333333 91.0 725.88 2 73 3427.5 20.5 0.0 4181.09 0.0 20.1 7905.81 43 23 7 2 0 0 0 75 0 256.62 75
2015,4,10,1,3 	16 35 1081.16666667 64.0 500.04 1 50 2354.5 22.5 0.0 343.04 0.0 15.3 2966.29 22 22 2 4 1 0 0 51 0 230.95 51
2015,4,16,1,3 	21 23 871.65 56.0 354.35 1 43 1806.5 20.5 0.0 215.53 0.0 13.2 2222.66 15 17 9 3 0 0 0 44 0 167.53 44
2015,4,14,1,3 	10 19 991.883333333 44.0 221.7 3 26 1405.5 9.5 0.0 182.5 0.0 8.1 1712.74 11 16 2 0 0 0 0 28 1 107.14 29
2015,5,11,1,3 	14 26 905.916666667 57.0 421.95 0 40 1936.0 10.5 0.0 331.29 0.0 12.0 2477.95 13 21 6 0 0 0 0 40 0 188.16 40
2015,4,18,1,3 	21 34 1041.55 70.0 449.32 0 55 2330.0 11.5 0.0 327.44 0.0 16.5 2923.02 23 23 9 0 0 0 0 55 0 237.58 55
2015,5,15,1,3 	20 40 1795.3 99.0 610.51 1 59 3008.0 19.5 0.0 375.96 0.0 18.0 3705.2 27 27 6 0 0 0 0 60 0 283.74 60
2015,5,17,1,3 	11 88 1925.6 115.0 724.17 1 98 4094.5 31.5 0.0 6907.39 0.0 25.5 11466.31 66 28 4 1 0 0 0 99 0 387.41 99
2015,1,15,1,3 	15 14 657.066666667 47.0 307.15 1 28 1363.5 9.5 0.0 240.5 0.0 8.1 1785.45 14 9 4 1 1 0 0 29 0 164.15 29
2015,4,25,1,3 	13 26 1057.03333333 46.0 390.47 1 38 1949.5 8.5 0.0 308.47 0.0 11.4 2435.45 20 16 2 1 0 0 0 38 1 157.58 39
2015,3,22,1,3 	11 29 2429.75 55.0 388.75 0 40 1934.0 8.0 0.0 1093.01 0.0 11.7 3273.03 21 15 4 0 0 0 0 40 0 226.32 40
2015,1,13,1,3 	6 18 400.633333333 28.0 195.88 1 23 966.0 7.5 0.0 153.7 0.0 6.9 1251.74 9 12 3 0 0 0 0 24 0 118.24 24
2015,4,27,1,3 	14 57 2337.53333333 95.0 402.97 2 69 2579.5 30.5 0.0 4129.08 0.0 19.8 6959.13 53 16 2 0 0 0 0 71 0 200.25 71
2015,1,17,1,3 	17 21 559.383333333 46.0 286.47 1 37 1397.5 4.0 0.0 97.41 0.0 11.1 1624.97 10 17 9 2 0 0 0 38 0 116.16 38
2015,1,11,1,3 	13 33 1167.5 70.0 475.36 1 45 2203.5 10.5 0.0 284.18 0.0 12.9 2746.06 21 22 3 0 0 0 0 46 0 234.98 46
2015,3,20,1,3 	16 29 1025.08333333 56.0 405.64 0 45 1898.5 10.0 0.0 243.12 0.0 13.5 2327.22 17 19 7 2 0 0 0 45 0 163.0 45
2015,1,19,1,3 	5 13 360.716666667 23.0 207.46 2 16 850.0 2.5 0.0 138.75 0.0 5.1 1102.41 10 6 2 0 0 0 0 18 0 106.66 18
2015,4,29,1,3 	16 50 1079.85 90.0 357.08 0 66 2328.5 18.5 0.0 3577.32 0.0 18.9 6074.74 38 22 3 3 0 0 0 66 0 131.52 66
2015,4,1,1,3 	14 20 1240.1 44.0 413.83 0 34 1855.5 12.0 0.0 190.7 0.0 9.0 2256.61 13 19 1 1 0 0 0 34 0 189.41 34
2015,4,3,1,3 	18 30 1377.41666667 64.0 579.59 1 47 2438.5 12.5 0.0 182.87 0.0 14.1 2837.7 19 25 3 1 0 0 0 48 0 190.33 48
2015,3,28,1,3 	10 28 802.433333333 56.0 308.91 1 37 1638.0 7.5 0.0 240.49 0.0 11.4 2023.92 15 21 2 0 0 0 0 38 0 126.53 38
2015,4,7,1,3 	9 19 478.433333333 43.0 269.12 0 28 1213.5 13.0 0.0 131.94 0.0 7.8 1499.4 10 15 2 1 0 0 0 28 0 133.16 28
2015,4,9,1,3 	12 29 1054.98333333 60.0 467.02 1 40 2106.0 13.0 0.0 293.92 0.0 12.0 2628.96 22 16 3 0 0 0 0 41 0 204.04 41
2015,3,19,1,3 	11 27 775.733333333 52.0 345.52 0 38 1671.0 11.0 0.0 199.96 0.0 11.1 2063.6 13 23 2 0 0 0 0 38 0 170.54 38
2015,4,30,1,3 	9 46 1008.81666667 84.0 433.9 0 55 2257.5 14.0 0.0 3893.17 0.0 14.4 6386.64 33 18 4 0 0 0 0 55 0 207.57 55
2015,3,11,1,3 	12 42 1178.63333333 73.0 503.55 0 54 2423.5 19.0 0.0 1609.29 0.0 16.2 4299.01 31 18 5 0 0 0 0 54 0 231.62 54
2015,3,17,1,3 	10 27 717.716666667 57.0 266.32 0 37 1415.0 10.5 0.0 1871.23 0.0 10.2 3480.8 20 15 1 1 0 0 0 35 2 175.07 37
2015,3,15,1,3 	12 39 1196.08333333 74.0 505.72 1 50 2368.0 4.0 0.0 727.34 0.0 15.3 3367.02 25 22 3 1 0 0 0 51 0 253.58 51
2015,5,31,1,3 	17 33 919.966666667 69.0 385.26 1 49 1977.5 8.5 0.0 245.52 0.0 13.8 2450.27 16 29 4 1 0 0 0 50 0 204.95 50
2015,4,12,1,3 	14 29 1126.88333333 61.0 539.84 0 43 2328.5 6.5 0.0 419.29 0.0 12.9 3042.23 24 16 2 1 0 0 0 43 0 275.04 43
2015,3,31,1,3 	9 16 710.166666667 29.0 173.91 0 25 1092.5 6.0 0.0 50.91 0.0 7.5 1246.24 5 14 5 1 0 0 0 25 0 89.33 25
2015,1,31,1,4 	4 24 810.15 53.0 394.04 0 28 1513.5 9.0 14.0 63.69 0.0 8.1 1652.64 12 16 0 0 0 0 0 28 0 44.35 28
2015,5,20,1,4 	2 16 578.7 28.0 236.26 0 18 968.5 10.0 9.0 118.91 0.0 5.4 1147.8 10 8 0 0 0 0 0 18 0 35.99 18
2015,5,22,1,4 	0 26 795.066666667 28.0 317.12 0 26 1236.0 10.0 13.0 110.43 0.0 7.8 1408.48 15 11 0 0 0 0 0 26 0 31.25 26
2015,5,24,1,4 	6 29 2561.8 46.0 516.21 0 35 2170.2 7.5 17.0 71.94 0.0 10.2 2329.92 14 19 0 2 0 0 0 34 1 53.08 35
2015,5,26,1,4 	4 23 731.683333333 41.0 345.15 1 26 1398.0 8.5 13.5 82.11 0.0 8.1 1537.25 15 11 0 1 0 0 0 27 0 27.04 27
2015,5,28,1,4 	4 21 505.0 36.0 217.54 0 25 881.78 7.5 12.0 75.18 0.0 7.2 1049.49 11 10 4 0 0 0 0 24 1 65.83 25
2015,5,13,1,4 	3 18 696.833333333 30.0 240.74 0 21 992.5 9.5 10.5 123.63 0.0 6.3 1187.97 12 9 0 0 0 0 0 21 0 45.54 21
2015,6,29,1,4 	1 26 1019.31666667 50.0 354.87 0 27 1746.5 11.5 13.5 125.82 0.0 8.1 1920.25 10 17 0 0 0 0 0 27 0 14.83 27
2015,3,8,1,4 	3 20 678.3 32.0 348.7 0 23 1372.5 6.0 11.5 113.37 0.0 6.9 1529.79 13 10 0 0 0 0 0 23 0 19.52 23
2015,6,21,1,4 	2 21 813.333333333 28.0 312.74 0 23 1269.0 5.0 11.5 71.18 0.0 6.9 1440.49 10 13 0 0 0 0 0 23 0 76.91 23
2015,3,6,1,4 	6 25 927.183333333 49.0 345.55 0 31 1456.5 12.5 15.5 91.67 0.0 9.3 1640.22 17 13 1 0 0 0 0 31 0 54.75 31
2015,6,23,1,4 	2 22 727.683333333 29.0 309.24 0 24 1220.5 6.0 12.0 74.39 0.0 7.2 1356.21 9 15 0 0 0 0 0 24 0 36.12 24
2015,3,4,1,4 	2 16 837.233333334 24.0 311.71 0 18 1282.5 7.5 9.0 81.18 0.0 5.4 1428.6 11 7 0 0 0 0 0 18 0 43.02 18
2015,6,25,1,4 	3 20 868.533333333 35.0 289.01 0 23 1234.5 10.5 11.0 39.25 0.0 6.6 1378.97 12 11 0 0 0 0 0 22 1 77.12 23
2015,3,2,1,4 	1 18 747.433333333 25.0 274.37 0 19 1188.5 2.5 9.5 65.37 0.0 5.7 1285.76 8 11 0 0 0 0 0 19 0 14.19 19
2015,6,27,1,4 	7 39 1342.7 71.0 507.69 0 46 2236.78 11.56 22.5 270.94 0.0 13.5 2588.53 21 23 2 0 0 0 0 45 1 33.25 46
2015,4,5,1,4 	2 20 1056.63333333 32.0 647.89 0 22 2928.5 4.5 10.0 2097.21 0.0 6.0 5142.93 13 9 0 0 0 0 0 20 2 96.72 22
2015,1,28,1,4 	4 11 371.233333333 33.0 164.52 0 15 621.5 9.5 7.5 75.37 0.0 4.5 735.45 8 7 0 0 0 0 0 15 0 17.08 15
2015,1,24,1,4 	3 10 554.466666667 13.0 288.35 0 13 1293.5 3.0 6.5 698.35 0.0 3.3 2055.06 6 6 1 0 0 0 0 13 0 50.41 13
2015,1,26,1,4 	1 10 329.933333333 16.0 115.55 0 11 479.5 2.0 5.5 40.62 0.0 3.3 548.0 4 7 0 0 0 0 0 11 0 17.08 11
2015,1,20,1,4 	2 13 418.333333333 24.0 202.27 0 15 818.0 3.5 7.5 24.4 0.0 4.5 884.4 4 11 0 0 0 0 0 15 0 26.5 15
2015,1,22,1,4 	4 12 521.566666666 24.0 193.52 0 16 736.0 6.5 8.0 115.54 0.0 4.5 905.14 11 4 1 0 0 0 0 16 0 34.6 16
2015,2,25,1,4 	0 18 522.166666667 40.0 212.97 0 18 789.5 8.0 9.0 72.57 0.0 5.4 918.16 11 7 0 0 0 0 0 18 0 33.69 18
2015,2,27,1,4 	8 29 2253.35 62.0 347.58 0 37 1432.5 14.0 18.5 60.46 0.0 11.1 1565.39 16 16 1 4 0 0 0 37 0 28.83 37
2015,2,21,1,4 	12 20 661.566666667 41.0 302.89 0 32 1202.5 11.0 16.0 69.92 0.0 9.3 1326.24 13 15 0 4 0 0 0 32 0 17.52 32
2015,2,23,1,4 	2 20 1051.93333333 31.0 620.72 0 22 3001.0 6.0 11.0 1880.97 0.0 6.6 4997.82 11 11 0 0 0 0 0 22 0 92.25 22
2015,6,30,1,4 	3 18 1008.48333333 27.0 396.96 0 21 1879.5 7.5 10.5 76.96 0.0 6.3 2022.42 10 11 0 0 0 0 0 21 0 41.66 21
2015,2,9,1,4 	2 12 438.533333333 18.0 208.37 0 14 887.5 4.5 7.0 52.6 0.0 4.2 984.63 4 10 0 0 0 0 0 14 0 28.83 14
2015,2,7,1,4 	8 22 892.15 37.0 427.47 0 30 1754.5 4.0 15.0 138.31 0.0 9.0 1976.47 12 16 2 0 0 0 0 30 0 55.66 30
2015,2,5,1,4 	5 13 586.983333333 23.0 221.8 1 17 837.0 8.5 8.5 73.65 0.0 5.1 952.25 9 7 2 0 0 0 0 17 1 19.5 18
2015,2,3,1,4 	5 16 617.616666667 28.0 243.4 0 21 1040.5 10.0 10.5 122.96 0.0 6.0 1214.79 13 7 1 0 0 0 0 21 0 24.83 21
2015,2,1,1,4 	0 24 698.383333333 36.0 368.88 0 24 1423.5 6.5 12.0 75.95 0.0 6.9 1597.83 12 12 0 0 0 0 0 24 0 72.98 24
2015,3,13,1,4 	7 33 1194.95 62.0 419.32 1 39 1813.5 18.5 20.0 135.41 0.0 12.0 2100.6 19 17 1 3 0 0 0 40 0 101.19 40
2015,6,9,1,4 	7 25 858.816666667 48.0 396.28 2 30 1614.5 12.5 16.0 164.7 0.0 9.6 1882.0 15 15 0 2 0 0 0 32 0 64.7 32
2015,6,3,1,4 	1 41 2080.35 55.0 602.39 0 42 2320.0 18.0 20.5 117.11 0.0 12.3 2593.4 19 23 0 0 0 0 0 41 1 105.49 42
2015,6,1,1,4 	2 24 807.65 39.0 310.24 0 26 1378.0 12.0 13.0 147.92 0.0 7.8 1585.76 21 5 0 0 0 0 0 26 0 27.04 26
2015,6,7,1,4 	4 28 1020.33333333 39.0 551.5 0 32 2264.64 11.5 16.0 155.3 0.0 9.6 2535.62 15 17 0 0 0 0 0 32 0 78.58 32
2015,6,5,1,4 	4 48 1748.33333333 65.0 650.98 1 51 2838.0 24.0 25.0 303.24 0.0 15.0 3308.07 24 26 1 1 0 0 0 52 0 102.83 52
2015,3,26,1,4 	3 26 770.316666667 37.0 291.65 0 29 1287.0 14.5 14.5 185.06 0.0 8.7 1559.63 15 14 0 0 0 0 0 29 0 49.87 29
2015,4,23,1,4 	4 17 535.4 30.0 238.08 0 21 956.0 5.5 10.5 199.7 0.0 6.3 1210.58 14 7 0 0 0 0 0 21 0 32.58 21
2015,6,10,1,4 	6 16 1344.11666667 29.0 306.01 2 20 1333.0 6.5 10.5 143.56 0.0 6.3 1580.31 10 12 0 0 0 0 0 21 1 80.45 22
2015,6,12,1,4 	2 39 1529.5 60.0 571.75 0 41 2428.5 18.0 20.5 273.37 0.0 12.3 2849.04 25 16 0 0 0 0 0 41 0 96.37 41
2015,6,14,1,4 	5 33 829.033333333 48.0 396.17 1 37 1539.0 10.0 18.5 119.12 0.0 11.1 1754.01 20 16 2 0 0 0 0 37 1 56.29 38
2015,1,8,1,4 	0 10 264.216666667 16.0 117.61 0 10 484.0 3.5 5.0 27.9 0.0 3.0 523.4 5 5 0 0 0 0 0 10 0 0.0 10
2015,6,16,1,4 	4 17 2126.65 31.0 322.48 0 21 1253.0 7.0 10.5 95.85 0.0 6.3 1445.56 13 8 0 0 0 0 0 21 0 72.91 21
2015,6,18,1,4 	4 19 865.8 35.0 382.21 0 23 1578.5 6.0 11.5 151.24 0.0 6.9 1793.59 14 9 0 0 0 0 0 23 0 39.45 23
2015,1,4,1,4 	2 9 315.85 15.0 164.9 0 11 680.0 2.5 5.5 44.32 0.0 3.3 772.2 6 5 0 0 0 0 0 11 0 36.58 11
2015,1,6,1,4 	2 9 230.6 15.0 98.7 0 11 365.5 3.0 4.5 40.65 0.0 3.3 428.1 4 6 1 0 0 0 0 11 0 11.75 11
2015,1,2,1,4 	3 10 1695.38333334 21.0 132.25 0 13 481.0 3.5 6.5 33.75 0.0 3.9 553.48 5 8 0 0 0 0 0 13 0 24.83 13
2015,3,24,1,4 	4 12 417.866666667 27.0 161.13 0 16 697.5 6.0 8.0 96.23 0.0 4.8 847.53 10 5 0 1 0 0 0 16 0 35.0 16
2015,2,18,1,4 	4 15 851.733333333 24.0 326.62 0 19 1514.0 8.0 8.0 874.64 0.0 4.8 2448.73 10 8 1 0 0 0 0 16 3 39.29 19
2015,4,21,1,4 	2 21 685.266666667 31.0 292.88 0 23 1124.0 10.5 11.0 75.55 0.0 6.6 1262.23 11 11 1 0 0 0 0 22 1 34.58 23
2015,2,14,1,4 	5 27 916.366666667 49.0 469.88 0 32 1883.0 11.5 16.0 208.53 0.0 9.6 2184.71 15 16 0 1 0 0 0 32 0 56.08 32
2015,2,16,1,4 	1 9 1754.43333333 12.0 146.59 0 10 638.5 2.0 5.0 35.64 0.0 3.0 726.22 4 6 0 0 0 0 0 10 0 42.08 10
2015,2,10,1,4 	5 7 266.566666667 17.0 117.56 0 12 437.15 3.0 6.0 35.12 0.0 3.3 511.4 7 5 0 0 0 0 0 12 0 26.83 12
2015,2,12,1,4 	4 10 376.3 16.0 173.99 0 14 668.0 8.0 7.0 28.6 0.0 4.2 715.8 7 6 1 0 0 0 0 14 0 0.0 14
2015,5,8,1,4 	13 24 1337.63333333 43.0 552.95 0 37 2303.64 14.5 18.0 143.59 0.0 10.8 2581.94 19 16 2 0 0 0 0 36 1 91.41 37
2015,5,2,1,4 	3 32 924.733333333 51.0 438.06 0 35 1819.0 9.0 17.5 183.13 0.0 10.5 2113.46 24 9 1 1 0 0 0 35 0 74.33 35
2015,5,4,1,4 	2 15 570.0 23.0 250.35 0 17 1014.0 5.0 8.5 67.24 0.0 5.1 1124.88 10 7 0 0 0 0 0 17 0 25.04 17
2015,5,6,1,4 	2 21 625.5 31.0 292.78 0 23 1107.0 7.5 11.5 125.57 0.0 6.9 1296.26 14 9 0 0 0 0 0 23 0 37.79 23
2015,5,19,1,4 	3 33 1506.96666667 52.0 571.48 0 36 2599.0 12.0 18.0 171.06 0.0 10.8 2908.23 17 19 0 0 0 0 0 36 0 97.37 36
2015,4,10,1,4 	4 13 593.733333333 28.0 265.54 0 17 1087.0 6.0 8.5 66.59 0.0 5.1 1185.48 7 10 0 0 0 0 0 17 0 12.29 17
2015,4,16,1,4 	9 20 728.716666667 43.0 288.7 1 28 1177.64 7.0 14.5 82.44 0.0 8.7 1337.82 14 11 3 1 0 0 0 29 0 47.54 29
2015,4,14,1,4 	2 19 745.766666667 33.0 362.23 0 21 1481.5 8.0 10.5 110.64 0.0 6.3 1699.31 11 10 0 0 0 0 0 21 0 82.37 21
2015,5,11,1,4 	2 19 590.166666667 33.0 239.64 0 21 978.5 4.0 10.5 60.79 0.0 6.3 1117.25 5 16 0 0 0 0 0 21 0 57.16 21
2015,4,18,1,4 	6 40 1164.11666667 69.0 571.51 0 46 2253.64 13.0 22.0 190.19 0.0 13.2 2560.94 25 20 1 0 0 0 0 44 2 68.91 46
2015,5,15,1,4 	7 19 860.85 47.0 402.04 0 26 1535.0 12.5 13.0 116.09 0.0 7.8 1755.63 14 8 4 0 0 0 0 26 0 71.24 26
2015,5,17,1,4 	5 32 2557.95 54.0 635.08 0 37 2666.5 10.5 18.0 206.61 0.0 10.8 2987.32 21 16 0 0 0 0 0 36 1 74.91 37
2015,1,15,1,4 	2 14 512.083333333 29.0 221.1 0 16 916.0 4.5 7.5 72.62 0.0 4.2 1035.34 10 6 0 0 0 0 0 15 1 30.52 16
2015,4,25,1,4 	3 29 2501.21666667 50.0 516.35 0 32 2065.0 11.0 16.0 206.29 0.0 9.6 2391.68 13 18 1 0 0 0 0 32 0 83.79 32
2015,3,22,1,4 	4 21 623.283333333 36.0 344.97 0 25 1387.0 8.0 12.5 114.4 0.0 7.5 1534.73 9 15 1 0 0 0 0 25 0 5.33 25
2015,1,13,1,4 	2 9 280.65 17.0 96.72 1 10 428.5 3.5 5.0 14.96 0.0 3.0 474.46 5 6 0 0 0 0 0 10 1 19.5 11
2015,4,27,1,4 	2 15 1772.85 23.0 217.49 0 17 903.5 7.0 8.5 43.18 0.0 5.1 988.78 6 11 0 0 0 0 0 17 0 21.5 17
2015,1,17,1,4 	3 17 555.766666667 21.0 251.95 0 20 999.0 5.0 10.0 97.16 0.0 6.0 1193.99 11 9 0 0 0 0 0 20 0 76.83 20
2015,1,11,1,4 	4 11 428.666666667 18.0 198.96 0 15 741.5 4.5 7.5 79.78 0.0 4.5 872.36 6 8 0 1 0 0 0 15 0 34.58 15
2015,3,20,1,4 	6 20 619.916666667 34.0 280.39 0 26 1167.5 10.0 13.0 48.42 0.0 7.5 1304.94 14 9 3 0 0 0 0 26 0 58.52 26
2015,1,19,1,4 	8 13 501.816666667 34.0 229.12 2 19 890.5 2.0 9.5 327.51 0.0 6.3 1283.71 8 12 1 0 0 0 0 21 0 48.5 21
2015,4,29,1,4 	1 18 616.8 34.0 206.1 0 19 885.0 7.5 9.5 72.44 0.0 5.7 1022.04 10 9 0 0 0 0 0 19 0 41.9 19
2015,4,1,1,4 	0 14 1755.96666666 24.0 151.29 0 14 632.0 5.0 7.0 68.25 0.0 4.2 741.49 7 7 0 0 0 0 0 14 0 25.04 14
2015,4,3,1,4 	3 12 958.683333334 20.0 435.46 0 15 2071.5 7.5 7.5 34.87 0.0 4.5 2222.94 6 9 0 0 0 0 0 15 0 97.07 15
2015,3,28,1,4 	4 30 933.916666667 58.0 501.3 0 34 2027.5 9.5 17.0 173.02 0.0 10.2 2255.05 13 19 1 1 0 0 0 34 0 17.83 34
2015,4,7,1,4 	1 12 724.033333334 27.0 164.09 0 13 835.5 2.0 6.0 154.55 0.0 3.6 1011.4 9 4 0 0 0 0 0 12 1 9.75 13
2015,4,9,1,4 	1 26 777.916666667 38.0 363.38 0 27 1482.0 16.5 13.5 119.82 0.0 8.1 1658.46 15 11 0 1 0 0 0 27 0 18.54 27
2015,3,19,1,4 	5 23 2172.05 39.0 300.72 0 28 1261.5 10.0 14.0 89.17 0.0 8.4 1427.4 16 12 0 0 0 0 0 28 0 44.33 28
2015,4,30,1,4 	1 37 1347.6 55.0 600.01 0 38 2729.5 20.5 18.0 185.56 0.0 10.8 3081.65 17 21 0 0 0 0 0 36 2 117.29 38
2015,3,11,1,4 	1 22 741.666666666 24.0 317.86 0 23 1380.0 8.0 11.5 118.96 0.0 6.9 1595.19 14 9 0 0 0 0 0 23 0 69.83 23
2015,3,17,1,4 	4 25 2385.23333334 44.0 512.19 1 28 2224.78 14.54 14.5 314.32 0.0 8.7 2616.77 12 13 4 0 0 0 0 29 0 39.93 29
2015,3,15,1,4 	12 18 684.883333333 48.0 305.95 0 30 1213.5 5.5 15.0 108.56 0.0 9.0 1414.56 10 14 4 2 0 0 0 30 0 63.0 30
2015,5,31,1,4 	3 19 606.533333333 29.0 288.41 0 22 1226.5 8.5 11.0 116.63 0.0 6.3 1389.37 10 12 0 0 0 0 0 22 0 20.44 22
2015,4,12,1,4 	3 18 1861.43333333 30.0 237.7 0 21 1068.14 5.0 10.0 30.29 0.0 6.0 1129.18 6 13 0 2 0 0 0 20 1 9.75 21
2015,3,31,1,4 	2 22 700.949999999 40.0 326.23 0 24 1315.0 9.5 12.0 50.82 0.0 7.2 1460.89 13 11 0 0 0 0 0 24 0 66.37 24
2015,1,31,1,5 	413 965 17561.05 1876.0 4196.88 12 1366 25589.69 0.0 12.5 2551.99 0.0 9.0 28278.14 438 914 21 4 1 0 0 38 1340 114.96 1378
2015,5,20,1,5 	337 908 22420.3333333 1657.0 4462.66 18 1227 23714.79 0.0 12.5 1474.9 0.0 11.4 25397.89 394 828 17 6 0 0 0 39 1206 184.3 1245
2015,5,22,1,5 	375 1058 28065.1 1862.0 5230.08 9 1424 26021.21 0.0 13.5 1661.45 0.0 11.4 28045.64 439 971 21 2 0 0 0 41 1392 338.08 1433
2015,5,24,1,5 	364 985 19582.6166667 1894.0 4544.33 12 1337 27399.9 0.0 9.0 1286.74 0.0 7.8 28925.13 453 871 17 8 0 0 0 29 1320 221.69 1349
2015,5,26,1,5 	353 907 26011.7833333 1662.0 4483.58 14 1246 23970.62 0.0 13.0 993.67 0.0 10.2 25202.29 395 844 15 6 0 0 0 40 1220 214.8 1260
2015,5,28,1,5 	351 1015 25164.9666667 1821.0 4453.88 9 1357 26819.78 0.0 11.5 1832.18 0.0 10.5 28830.68 443 901 14 8 0 0 0 43 1323 156.72 1366
2015,5,13,1,5 	342 942 21586.1166667 1642.0 4305.64 12 1272 24791.19 0.0 6.5 1185.87 0.0 9.9 26208.38 382 883 12 7 0 0 0 33 1251 214.92 1284
2015,6,29,1,5 	268 865 17779.8333333 1510.0 3989.07 13 1120 23628.3 0.0 14.0 1064.68 0.0 11.1 24900.26 380 740 7 6 0 0 0 41 1092 182.18 1133
2015,3,8,1,5 	335 806 18103.3166667 1615.0 4209.92 7 1134 25918.58 0.0 12.5 1057.59 0.0 8.4 27287.91 397 725 8 10 1 0 0 29 1112 291.44 1141
2015,6,21,1,5 	314 927 19824.1666667 1777.0 4448.71 32 1209 26502.51 0.0 8.5 1612.61 0.0 9.6 28410.68 434 781 17 8 1 0 0 42 1199 277.46 1241
2015,3,6,1,5 	373 994 27232.9833333 1816.0 4488.37 17 1350 30356.1 0.0 9.5 2090.29 0.0 8.1 32650.84 477 865 20 5 0 0 0 22 1345 186.85 1367
2015,6,23,1,5 	368 952 20245.25 1763.0 4210.37 22 1298 27894.81 0.0 19.5 1560.46 0.0 12.9 29685.64 431 857 19 11 2 0 0 56 1264 197.97 1320
2015,3,4,1,5 	306 1010 19366.4833333 1716.0 4300.1 9 1307 27070.7 0.0 9.0 2121.62 0.0 8.7 29430.12 440 865 6 5 0 0 0 33 1283 220.1 1316
2015,6,25,1,5 	324 981 23501.2333333 1804.0 4314.05 16 1289 29121.36 0.0 14.0 2135.12 0.0 15.0 31473.57 444 837 16 8 0 0 0 55 1250 188.09 1305
2015,3,2,1,5 	372 837 18749.2833333 1631.0 3617.62 15 1194 20893.77 0.0 15.0 1802.02 0.0 7.8 23022.61 361 828 14 5 1 0 0 30 1179 304.02 1209
2015,6,27,1,5 	316 1067 18324.85 1916.0 4755.23 17 1366 29088.56 0.0 13.5 1909.42 0.0 14.1 31358.35 504 853 19 7 0 0 0 46 1337 332.77 1383
2015,4,5,1,5 	346 932 16847.9666667 1861.0 4334.41 19 1259 27903.77 0.0 20.0 3611.84 0.0 13.2 31913.52 429 820 21 8 0 0 0 41 1237 364.71 1278
2015,1,28,1,5 	309 731 15804.6 1277.0 3252.33 9 1031 19104.27 0.0 8.0 1128.45 0.0 6.9 20375.91 351 658 17 14 0 0 0 24 1016 128.29 1040
2015,1,24,1,5 	275 809 14445.2 1448.0 3140.39 9 1075 25842.85 0.0 8.5 1342.78 0.0 7.8 27324.22 405 657 15 6 1 0 0 24 1060 122.29 1084
2015,1,26,1,5 	228 569 10809.2833333 982.0 2375.75 5 792 12945.59 0.0 5.0 738.96 0.0 6.0 13799.44 306 480 8 3 0 0 0 22 775 103.89 797
2015,1,20,1,5 	277 791 14058.1166667 1407.0 3165.9 5 1063 18524.79 0.0 10.0 874.72 0.0 6.9 19576.39 358 694 12 3 1 0 0 21 1047 159.98 1068
2015,1,22,1,5 	301 815 14473.7 1390.0 3337.34 7 1109 18808.33 0.0 10.5 1310.41 0.0 7.2 20311.51 387 714 11 4 0 0 0 22 1094 175.07 1116
2015,2,25,1,5 	412 931 18968.25 1719.0 4482.34 11 1332 21926.34 0.0 12.0 1283.14 0.0 6.6 23395.47 420 903 15 5 0 0 0 30 1313 167.39 1343
2015,2,27,1,5 	458 1101 22435.7666667 2002.0 5589.38 15 1544 30971.81 0.22 15.0 1486.24 0.0 10.2 32741.36 468 1069 15 6 1 0 0 42 1517 257.89 1559
2015,2,21,1,5 	347 891 19142.5333333 1681.0 3867.35 15 1223 26303.93 0.0 16.0 1366.85 0.0 10.8 27867.01 444 776 15 3 0 0 0 41 1197 169.43 1238
2015,2,23,1,5 	379 957 20390.65 1741.0 4054.25 11 1325 27845.38 0.0 12.5 1720.92 0.0 7.5 29781.33 433 882 17 4 0 0 0 23 1313 195.03 1336
2015,6,30,1,5 	304 859 21461.85 1541.0 3874.52 21 1142 25492.33 0.0 12.0 1954.9 0.0 10.2 27674.64 411 724 16 12 0 0 0 46 1117 205.21 1163
2015,2,9,1,5 	361 889 17446.4166667 1656.0 3878.98 11 1239 21366.87 0.0 8.5 1053.04 0.0 5.4 22557.24 371 856 19 4 0 0 0 23 1227 124.03 1250
2015,2,7,1,5 	398 922 18119.1166667 1820.0 3839.14 7 1313 24637.77 0.0 7.5 922.21 0.0 7.5 25671.54 441 855 17 6 1 0 0 29 1291 96.56 1320
2015,2,5,1,5 	354 894 21314.5166667 1624.0 3604.0 12 1236 25297.11 0.0 8.0 900.38 0.0 7.8 26335.27 400 830 13 3 2 0 0 30 1218 121.98 1248
2015,2,3,1,5 	293 766 17024.8833333 1366.0 3405.43 15 1044 22873.72 4.0 11.0 1507.63 0.0 7.8 24512.05 369 678 10 1 1 0 0 30 1029 107.9 1059
2015,2,1,1,5 	340 916 18019.4833333 1703.0 3753.32 22 1234 25404.89 0.0 9.0 1033.81 0.0 4.8 26582.56 427 810 17 2 0 0 0 19 1237 130.06 1256
2015,3,13,1,5 	446 1231 27208.0833333 2212.0 5415.23 17 1660 33755.16 0.0 12.5 1700.76 0.0 12.9 35968.26 538 1110 25 4 0 0 0 41 1636 486.94 1677
2015,6,9,1,5 	247 900 26336.15 1512.0 3653.07 4 1143 21899.17 0.0 7.5 1061.18 0.0 6.9 23184.17 375 750 18 4 0 0 0 29 1118 209.42 1147
2015,6,3,1,5 	306 985 22788.7833333 1767.0 4422.73 9 1282 23830.0 0.0 11.5 1265.6 0.0 10.5 25333.81 405 859 17 10 0 0 0 45 1246 216.21 1291
2015,6,1,1,5 	364 1044 25553.2 1914.0 4783.47 11 1397 27146.17 0.0 12.0 2073.44 0.0 11.4 29501.08 472 916 15 5 0 0 0 44 1364 258.07 1408
2015,6,7,1,5 	381 985 24000.1333333 1869.0 4476.73 18 1348 27853.48 0.0 10.5 1621.55 0.0 9.9 29836.0 473 867 18 7 1 0 0 46 1320 340.57 1366
2015,6,5,1,5 	371 1186 31384.1666667 2094.0 5180.75 18 1539 30909.17 0.0 13.5 1839.24 0.0 13.8 33093.45 495 1032 25 4 1 0 0 49 1508 317.74 1557
2015,3,26,1,5 	347 1141 23142.1166667 1915.0 4501.71 12 1476 28347.29 0.0 14.5 1673.36 0.0 17.4 30281.12 490 982 12 4 0 0 0 46 1442 228.57 1488
2015,4,23,1,5 	318 1096 24554.5833333 1825.0 4288.42 6 1408 27770.82 0.0 12.0 2010.43 0.0 13.2 29999.21 461 931 15 7 0 0 0 39 1375 192.76 1414
2015,6,10,1,5 	319 902 22736.8166667 1606.0 4100.49 12 1209 24291.49 0.0 13.0 1293.82 0.0 11.4 25874.13 369 823 22 7 0 0 0 51 1170 264.42 1221
2015,6,12,1,5 	370 1037 26450.4 1875.0 4953.61 15 1392 27448.14 0.0 12.0 1291.63 0.0 10.2 29146.3 436 946 19 5 1 0 0 43 1364 384.33 1407
2015,6,14,1,5 	346 911 28873.7333333 1722.0 4663.17 15 1242 26639.39 0.0 4.5 1509.31 0.0 9.6 28401.3 410 816 26 5 0 0 0 31 1226 238.5 1257
2015,1,8,1,5 	359 843 20186.1333333 1604.0 3893.76 11 1191 21628.72 0.0 8.0 1368.12 0.0 5.1 23122.91 406 769 21 5 1 0 0 18 1184 112.97 1202
2015,6,16,1,5 	328 975 22030.9166667 1714.0 4346.31 7 1296 26598.23 0.0 15.5 1532.12 0.0 15.3 28334.65 431 845 14 13 0 0 0 53 1250 173.5 1303
2015,6,18,1,5 	343 1002 21518.1333333 1796.0 4584.58 14 1331 26869.79 0.0 14.0 1585.93 0.0 12.3 28724.64 422 903 13 7 0 0 0 46 1299 242.62 1345
2015,1,4,1,5 	258 649 13128.7166667 1304.0 3129.05 6 901 16860.17 0.0 8.0 1204.75 0.0 4.8 18268.58 328 563 12 4 0 0 0 17 890 190.86 907
2015,1,6,1,5 	313 764 15356.7166667 1389.0 3193.16 14 1063 18311.87 0.0 12.5 726.66 0.0 7.2 19163.21 348 708 17 4 0 0 0 31 1046 104.98 1077
2015,1,2,1,5 	281 796 14369.1833333 1444.0 3591.5 12 1065 18909.2 0.0 8.5 777.97 0.0 7.2 19829.64 342 726 7 2 0 0 0 19 1058 126.77 1077
2015,3,24,1,5 	382 976 26024.8666667 1715.0 4260.74 14 1344 30047.13 0.0 9.5 2260.35 0.0 12.6 32552.74 408 919 27 3 1 0 0 36 1322 223.76 1358
2015,2,18,1,5 	417 979 21866.1333333 1823.0 4196.17 23 1373 26839.95 0.0 11.0 1490.17 0.0 8.7 28628.39 454 916 18 7 1 0 0 34 1362 278.57 1396
2015,4,21,1,5 	293 892 17800.8166667 1510.0 3647.79 8 1177 24271.04 0.0 10.0 1404.19 0.0 10.2 25822.72 379 784 21 1 0 0 0 35 1150 127.89 1185
2015,2,14,1,5 	453 1115 22442.1833333 2144.0 5182.97 15 1553 33875.56 0.0 12.5 1821.54 0.0 11.4 35965.73 538 996 26 7 1 0 0 40 1528 244.73 1568
2015,2,16,1,5 	361 813 13880.7166667 1525.0 4102.87 7 1167 24222.2 0.0 9.0 1622.44 0.0 7.8 26135.16 424 726 18 5 1 0 0 22 1152 273.72 1174
2015,2,10,1,5 	313 933 16935.6666667 1680.0 3756.42 9 1237 26486.47 0.0 5.5 1543.76 0.0 5.7 28187.83 421 813 7 4 1 0 0 20 1226 146.4 1246
2015,2,12,1,5 	371 1064 25534.1666667 1902.0 4560.15 15 1420 29177.21 0.0 9.5 1741.13 0.0 9.9 31146.78 481 931 15 8 0 0 0 30 1405 209.04 1435
2015,5,8,1,5 	436 1097 27041.5166667 2015.0 5103.76 16 1517 27847.28 0.8 9.0 1438.33 0.0 10.8 29665.93 438 1075 15 5 0 0 0 42 1491 359.72 1533
2015,5,2,1,5 	394 1167 21498.0 2168.0 5122.55 8 1553 30468.07 0.0 17.0 1370.29 0.0 13.8 32137.17 470 1070 15 4 2 0 0 50 1511 268.01 1561
2015,5,4,1,5 	300 916 23185.8333333 1582.0 4007.33 10 1206 24320.23 0.0 8.5 1363.77 0.0 6.9 25903.08 356 835 18 7 0 0 0 30 1186 203.68 1216
2015,5,6,1,5 	317 976 20312.4166667 1699.0 4769.85 6 1287 25389.8 0.0 7.0 1048.81 0.0 8.7 26643.99 402 878 10 3 0 0 0 26 1267 189.68 1293
2015,5,19,1,5 	363 910 25706.15 1629.0 4455.18 12 1261 24742.5 0.0 10.0 1689.21 0.0 9.6 26634.9 417 838 12 6 0 0 0 41 1232 183.59 1273
2015,4,10,1,5 	424 1128 24106.1 2017.0 5197.83 23 1529 29780.14 0.0 9.5 1639.91 0.0 7.8 31745.09 482 1041 22 6 1 0 0 28 1524 307.74 1552
2015,4,16,1,5 	331 1040 21000.8166667 1794.0 4045.42 11 1360 25586.59 0.0 8.5 1476.99 0.0 8.1 27382.35 398 949 19 5 0 0 0 37 1334 302.17 1371
2015,4,14,1,5 	308 998 21943.2833333 1702.0 4159.18 10 1296 24159.79 0.0 5.5 1499.12 0.0 12.0 25901.61 477 814 8 7 0 0 0 29 1277 225.8 1306
2015,5,11,1,5 	369 1071 26754.85 1887.0 5207.77 12 1428 28773.45 0.0 11.5 1220.86 0.0 9.6 30188.46 401 1021 14 4 0 0 0 40 1400 173.05 1440
2015,4,18,1,5 	410 1236 33697.9333333 2256.0 5471.79 12 1634 30236.38 16.0 12.5 2060.55 0.0 14.7 32604.49 549 1072 16 9 0 0 0 51 1595 264.96 1646
2015,5,15,1,5 	408 1094 31900.8833333 1921.0 5505.06 15 1487 30010.98 0.0 12.5 1361.71 0.0 12.3 31720.92 430 1040 23 9 0 0 0 41 1461 323.43 1502
2015,5,17,1,5 	314 878 19437.4666667 1597.0 4332.23 19 1173 23830.33 0.0 5.5 1332.39 0.0 6.6 25452.99 385 776 25 6 0 0 0 32 1160 278.17 1192
2015,1,15,1,5 	302 866 17869.6333333 1454.0 3731.0 15 1153 22094.73 0.0 8.0 1052.36 0.0 8.4 23345.06 398 748 21 1 0 0 0 28 1140 181.57 1168
2015,4,25,1,5 	368 1161 36541.8333333 2105.0 5080.23 15 1514 30502.32 0.0 10.5 1482.68 0.0 10.8 32269.52 522 981 20 5 1 0 0 42 1487 263.22 1529
2015,3,22,1,5 	346 959 21086.55 1794.0 4538.58 8 1297 24542.78 0.0 14.5 1115.02 0.0 13.2 26045.46 461 821 14 9 0 0 0 37 1268 359.96 1305
2015,1,13,1,5 	291 795 18209.8833333 1456.0 3276.15 10 1076 16668.45 0.0 8.0 812.53 0.0 5.4 17603.94 360 710 11 5 0 0 0 20 1066 109.56 1086
2015,4,27,1,5 	332 917 19119.15 1647.0 3804.31 9 1240 24907.35 0.0 10.5 1302.58 0.0 11.1 26367.0 401 832 13 3 0 0 0 41 1208 135.77 1249
2015,1,17,1,5 	332 949 24731.9666667 1769.0 3929.43 10 1271 23598.82 0.0 11.5 1060.09 0.0 8.7 24855.38 436 826 18 1 0 0 0 33 1248 176.27 1281
2015,1,11,1,5 	242 775 15653.6833333 1384.0 3023.26 2 1015 17596.71 0.0 9.0 998.6 0.0 4.2 18759.54 402 596 14 5 0 0 0 15 1002 151.63 1017
2015,3,20,1,5 	406 1097 21314.4833333 1957.0 4719.54 14 1489 29501.67 0.0 13.0 1100.05 0.0 10.8 30774.52 512 973 13 5 0 0 0 37 1466 149.0 1503
2015,1,19,1,5 	276 619 15722.9833333 1140.0 3097.65 10 885 16206.54 0.0 7.0 1034.87 0.0 7.2 17416.26 305 572 15 3 0 0 0 22 873 160.65 895
2015,4,29,1,5 	293 932 25074.5333333 1599.0 4173.03 6 1219 22987.17 0.0 10.0 798.34 0.0 9.9 23935.01 362 842 16 5 0 0 0 33 1192 129.6 1225
2015,4,1,1,5 	319 1070 29790.2166667 1840.0 4495.64 6 1383 27854.35 0.0 10.0 1450.72 0.0 9.3 29609.75 417 954 13 5 0 0 0 27 1362 285.38 1389
2015,4,3,1,5 	412 1081 26138.7666667 1979.0 5642.21 17 1476 35801.79 0.0 15.5 1761.57 0.0 10.8 37961.74 425 1052 9 6 1 0 0 41 1452 372.08 1493
2015,3,28,1,5 	336 1156 26745.0666667 2066.0 5058.64 14 1478 33110.48 0.0 13.0 1779.52 0.0 10.2 35231.52 469 999 20 4 0 0 0 32 1460 318.92 1492
2015,4,7,1,5 	325 966 18500.0333333 1723.0 4636.46 8 1283 27735.88 0.0 7.0 1411.8 0.0 8.4 29301.05 422 848 12 9 0 0 0 26 1265 137.97 1291
2015,4,9,1,5 	404 1103 22597.3333333 1990.0 4878.13 14 1493 30007.46 0.0 13.5 1520.75 0.0 12.6 31771.67 490 989 21 7 0 0 0 49 1458 217.96 1507
2015,3,19,1,5 	405 1105 22525.8666667 2037.0 4577.5 15 1495 29805.33 0.0 14.0 1572.6 0.0 12.3 31620.74 488 1015 6 1 0 0 0 36 1474 216.51 1510
2015,4,30,1,5 	333 1069 30633.4166667 1844.0 4561.62 8 1394 29398.43 0.0 10.0 1654.8 0.0 12.6 31245.84 463 910 24 4 1 0 0 44 1358 170.01 1402
2015,3,11,1,5 	366 978 24918.05 1820.0 4457.29 12 1332 27665.8 0.0 11.5 1069.53 0.0 10.8 28992.57 385 941 13 5 0 0 0 38 1306 234.94 1344
2015,3,17,1,5 	370 1022 23131.7666667 1901.0 4487.45 10 1382 33510.9 0.0 15.5 3158.24 0.0 13.5 36958.99 442 930 17 3 0 0 0 49 1343 261.45 1392
2015,3,15,1,5 	379 959 17376.8333333 1917.0 4286.91 16 1322 30467.32 0.0 5.5 1423.93 0.0 8.4 32200.82 479 838 17 4 0 0 0 22 1316 296.27 1338
2015,5,31,1,5 	334 911 21312.9333333 1721.0 4208.78 14 1231 26038.25 0.0 8.5 1985.98 0.0 9.6 28267.99 468 765 8 3 1 0 0 34 1211 225.66 1245
2015,4,12,1,5 	321 901 21901.0 1677.0 3923.35 11 1211 21480.36 0.0 8.0 1741.51 0.0 6.6 23572.71 412 788 10 12 0 0 0 22 1200 336.84 1222
2015,3,31,1,5 	302 920 22516.4333333 1622.0 3911.52 11 1211 20277.55 0.0 7.5 988.66 0.0 9.9 21468.0 379 818 21 4 0 0 0 32 1190 185.59 1222
2015,6,5,1,6 	2 0 0.3 2.0 0.0 0 2 5.0 0.0 1.0 0.0 0.0 0.6 6.6 0 1 1 0 0 0 0 2 0 0.0 2
2015,5,2,1,6 	2 0 0.166666666666 2.0 1.5 0 2 5.0 0.0 1.0 0.0 0.0 0.6 6.6 0 2 0 0 0 0 0 2 0 0.0 2
2015,4,21,1,6 	1 0 0.45 1.0 2.2 0 1 2.5 0.0 0.5 0.0 0.0 0.3 3.3 0 0 1 0 0 0 0 1 0 0.0 1
2015,5,20,1,6 	1 3 3.28333333334 4.0 3.12 0 4 8.0 0.0 1.0 0.0 0.0 0.6 9.6 0 3 1 0 0 0 0 4 0 0.0 4
2015,1,31,1,6 	3 0 0.45 6.0 14.3 1 2 7.5 0.0 1.5 0.0 0.0 0.9 9.9 0 2 0 1 0 0 0 3 0 0.0 3
2015,3,26,1,6 	0 1 5.46666666667 1.0 2.87 0 1 3.5 0.0 0.5 0.0 0.0 0.3 4.3 0 1 0 0 0 0 0 1 0 0.0 1
2015,4,1,1,6 	1 0 0.0833333333333 1.0 1.9 0 1 2.5 0.0 0.5 0.0 0.0 0.3 3.3 0 1 0 0 0 0 0 1 0 0.0 1
2015,3,24,1,6 	1 0 0.4 1.0 1.6 0 1 2.5 0.0 0.5 0.0 0.0 0.3 3.3 0 1 0 0 0 0 0 1 0 0.0 1
2015,3,22,1,6 	1 0 82.7833333333 3.0 18.0 0 1 2.5 0.0 0.5 0.0 0.0 0.3 15.05 0 1 0 0 0 0 0 1 0 11.75 1
2015,3,20,1,6 	2 0 0.35 2.0 0.1 0 2 5.0 0.0 1.0 0.0 0.0 0.6 6.6 0 1 1 0 0 0 0 2 0 0.0 2
2015,2,16,1,6 	0 1 0.25 1.0 0.0 0 1 5.5 0.0 0.5 8.0 0.0 0.3 14.3 1 0 0 0 0 0 0 1 0 0.0 1
2015,1,19,1,6 	2 0 0.15 2.0 0.9 0 2 5.0 0.0 1.0 0.0 0.0 0.6 6.6 0 1 0 1 0 0 0 2 0 0.0 2
2015,5,13,1,6 	1 3 17.75 4.0 3.47 0 4 6.0 0.0 1.0 0.0 0.0 0.6 7.6 0 2 1 1 0 0 0 4 0 0.0 4
2015,3,28,1,6 	0 1 0.5 1.0 0.01 0 1 5.5 0.0 0.5 0.0 0.0 0.3 6.3 0 1 0 0 0 0 0 1 0 0.0 1
2015,5,8,1,6 	4 2 19.8166666667 9.0 3.58 0 6 19.0 0.0 3.0 2.0 0.0 1.8 25.8 1 5 0 0 0 0 0 6 0 0.0 6
2015,3,8,1,6 	1 0 0.15 1.0 2.1 0 1 2.5 0.0 0.5 0.0 0.0 0.3 3.3 0 1 0 0 0 0 0 1 0 0.0 1
2015,3,4,1,6 	2 0 0.266666666666 2.0 2.9 0 2 6.0 0.0 1.0 0.0 0.0 0.6 7.6 0 1 1 0 0 0 0 2 0 0.0 2
2015,6,25,1,6 	1 0 0.166666666667 1.0 0.8 0 1 2.5 0.0 0.5 0.0 0.0 0.3 3.3 0 1 0 0 0 0 0 1 0 0.0 1
2015,6,27,1,6 	1 0 0.1 1.0 2.5 0 1 2.5 0.0 0.5 0.0 0.0 0.3 3.3 0 1 0 0 0 0 0 1 0 0.0 1
2015,3,13,1,6 	1 0 0.0666666666667 1.0 0.0 0 1 5.5 0.0 0.5 0.0 0.0 0.0 6.0 0 0 0 1 0 0 0 1 0 0.0 1
2015,6,9,1,6 	1 1 6.56666666667 2.0 1.45 0 2 6.0 0.0 1.0 0.0 0.0 0.6 7.6 0 2 0 0 0 0 0 2 0 0.0 2
2015,4,29,1,6 	0 1 4.38333333333 1.0 0.4 0 1 3.5 0.0 0.5 0.0 0.0 0.3 4.3 0 1 0 0 0 0 0 1 0 0.0 1
2015,4,7,1,6 	1 0 0.133333333333 1.0 3.8 0 1 2.5 0.0 0.5 0.0 0.0 0.3 3.3 0 0 1 0 0 0 0 1 0 0.0 1
2015,4,9,1,6 	3 0 0.55 3.0 9.3 0 3 13.5 0.0 1.5 0.0 0.0 0.6 15.6 0 2 1 0 0 0 0 3 0 0.0 3
2015,5,26,1,6 	1 3 23.5166666667 5.0 6.69 0 4 8.0 0.0 1.0 0.0 0.0 0.6 9.6 0 3 1 0 0 0 0 4 0 0.0 4
2015,6,1,1,6 	2 0 0.166666666667 2.0 1.2 0 2 5.0 0.0 1.0 0.0 0.0 0.6 6.6 0 0 2 0 0 0 0 2 0 0.0 2
2015,4,5,1,6 	3 0 2.05 3.0 0.7 0 3 7.5 0.0 1.5 0.0 0.0 0.6 9.6 0 3 0 0 0 0 0 3 0 0.0 3
2015,6,10,1,6 	1 0 0.2 1.0 3.2 0 1 2.5 0.0 0.5 0.0 0.0 0.3 3.3 0 0 0 1 0 0 0 1 0 0.0 1
2015,4,25,1,6 	1 0 1.3 1.0 0.4 0 1 2.5 0.0 0.5 0.0 0.0 0.3 3.3 0 1 0 0 0 0 0 1 0 0.0 1
2015,1,24,1,6 	0 1 0.466666666667 1.0 0.08 0 1 3.5 0.0 0.5 0.0 0.0 0.3 4.3 0 1 0 0 0 0 0 1 0 0.0 1
2015,5,19,1,6 	2 2 42.55 4.0 6.82 0 4 12.0 0.0 2.0 0.0 0.0 1.2 15.2 0 3 1 0 0 0 0 4 0 0.0 4
2015,1,26,1,6 	0 1 1.68333333333 1.0 0.23 0 1 2.5 0.0 0.5 0.0 0.0 0.3 3.3 0 1 0 0 0 0 0 1 0 0.0 1
2015,3,17,1,6 	1 0 0.75 1.0 7.0 0 1 3.5 0.0 0.5 0.0 0.0 0.3 4.3 0 1 0 0 0 0 0 1 0 0.0 1
2015,6,12,1,6 	2 0 0.25 2.0 0.0 0 2 5.0 0.0 1.0 0.0 0.0 0.6 6.6 0 1 0 1 0 0 0 2 0 0.0 2
2015,1,22,1,6 	1 1 21.2 3.0 2.0 0 2 8.0 0.0 1.0 0.0 0.0 0.3 9.3 0 2 0 0 0 0 0 2 0 0.0 2
2015,4,12,1,6 	1 0 0.0 1.0 0.0 0 1 2.5 0.0 0.5 0.0 0.0 0.3 3.3 0 1 0 0 0 0 0 1 0 0.0 1
2015,4,10,1,6 	2 0 0.583333333334 2.0 30.8 0 2 5.0 0.0 1.0 0.0 0.0 0.6 6.6 0 2 0 0 0 0 0 2 0 0.0 2
2015,3,31,1,6 	1 0 0.0 1.0 0.0 1 0 3.5 0.0 0.5 0.0 0.0 0.3 4.3 0 1 0 0 0 0 0 1 0 0.0 1
2015,5,11,1,6 	0 1 6.08333333333 1.0 1.07 0 1 5.5 0.0 0.5 0.0 0.0 0.3 6.3 0 1 0 0 0 0 0 1 0 0.0 1
2015,6,14,1,6 	1 2 1.0 3.0 0.58 0 3 2.5 0.0 0.5 0.0 0.0 0.3 3.3 0 2 1 0 0 0 0 3 0 0.0 3
2015,4,18,1,6 	3 1 4.7 4.0 2.6 0 4 13.0 0.0 2.0 0.0 0.0 1.2 571.7 0 3 1 0 0 0 0 4 0 555.5 4
2015,5,15,1,6 	1 6 9.46666666667 7.0 3.84 0 7 13.5 0.0 1.5 0.0 0.0 0.9 15.9 0 5 2 0 0 0 0 7 0 0.0 7
2015,5,17,1,6 	1 0 6.05 1.0 1.2 0 1 2.5 0.0 0.5 0.0 0.0 0.3 3.3 0 1 0 0 0 0 0 1 0 0.0 1
2015,2,25,1,6 	1 0 1.4 1.0 0.1 0 1 2.5 0.0 0.5 45.0 0.0 0.3 48.3 1 0 0 0 0 0 0 1 0 0.0 1
2015,4,27,1,6 	3 1 35.7666666666 5.0 9.04 0 4 14.0 0.0 2.0 0.0 0.0 1.2 17.2 0 3 1 0 0 0 0 4 0 0.0 4
2015,2,27,1,6 	2 0 0.433333333333 2.0 1.8 0 2 5.0 0.0 1.0 0.0 0.0 0.6 6.6 0 2 0 0 0 0 0 2 0 0.0 2
2015,2,21,1,6 	0 1 0.783333333333 1.0 0.0 0 1 5.5 0.0 0.5 0.0 0.0 0.3 6.3 0 1 0 0 0 0 0 1 0 0.0 1
2015,1,8,1,6 	4 0 2.7 4.0 1.5 0 4 10.0 0.0 2.0 19.0 0.0 1.2 35.2 2 1 1 0 0 0 0 4 0 3.0 4
2015,6,16,1,6 	2 0 0.266666666666 2.0 1.8 0 2 5.0 0.0 1.0 0.0 0.0 0.6 6.6 0 1 0 1 0 0 0 2 0 0.0 2
2015,6,18,1,6 	2 0 0.25 2.0 0.0 1 1 6.0 0.0 1.0 0.0 0.0 0.6 7.6 0 1 1 0 0 0 0 2 0 0.0 2
2015,1,4,1,6 	1 0 0.55 1.0 0.1 0 1 2.5 0.0 0.5 0.0 0.0 0.3 3.3 0 1 0 0 0 0 0 1 0 0.0 1
2015,1,6,1,6 	1 0 0.0666666666667 1.0 0.0 0 1 2.5 0.0 0.5 0.0 0.0 0.3 3.3 0 0 1 0 0 0 0 1 0 0.0 1
2015,1,17,1,6 	1 0 1.03333333333 1.0 0.1 0 1 2.5 0.0 0.5 0.0 0.0 0.3 3.3 0 1 0 0 0 0 0 1 0 0.0 1
2015,4,23,1,6 	1 0 0.183333333333 1.0 0.0 0 1 2.5 0.0 0.5 0.0 0.0 0.3 3.3 0 1 0 0 0 0 0 1 0 0.0 1
2015,1,2,1,6 	1 0 0.283333333333 1.0 0.0 0 1 2.5 0.0 0.5 0.0 0.0 0.3 3.3 0 1 0 0 0 0 0 1 0 0.0 1
2015,4,16,1,6 	2 0 15.2333333333 2.0 7.4 0 2 8.0 0.0 1.0 0.0 0.0 0.6 9.6 0 2 0 0 0 0 0 2 0 0.0 2
2015,2,5,1,6 	2 0 0.483333333333 2.0 6.5 1 1 5.0 0.0 1.0 0.0 0.0 0.6 6.6 0 1 1 0 0 0 0 2 0 0.0 2
2015,2,3,1,6 	1 0 0.0833333333333 1.0 1.7 0 1 2.5 0.0 0.5 0.0 0.0 0.3 3.3 0 1 0 0 0 0 0 1 0 0.0 1
2015,5,24,1,6 	0 3 19.6333333333 3.0 3.24 0 3 2.5 0.0 0.5 0.0 0.0 0.3 3.3 0 2 1 0 0 0 0 3 0 0.0 3
